4 691 0.612573
6 7 0.649208
8 531 0.635442
10 593 0.624811
10 595 0.627553
10 1021 0.636501
11 12 0.967686
11 13 0.969521
11 32 0.637792
11 167 0.614863
11 263 0.620485
11 775 0.618991
11 1058 0.618067
12 13 0.978456
12 32 0.631414
12 167 0.62415
12 1058 0.643607
13 32 0.627637
13 167 0.623873
13 1058 0.608436
14 15 0.880663
14 16 0.857088
14 17 0.851682
14 18 0.805609
14 19 0.832575
14 271 0.621729
15 16 0.90393
15 17 0.891792
15 18 0.883515
15 19 0.86868
16 17 0.99013
16 18 0.970079
16 19 0.931644
16 174 0.63613
17 18 0.957774
17 19 0.924319
17 174 0.635361
17 271 0.604962
18 19 0.901282
18 174 0.663312
20 21 0.940702
20 22 0.701313
21 22 0.742827
25 28 0.61118
26 27 0.820799
26 452 0.642893
28 29 0.877863
28 97 0.623516
29 97 0.64417
29 999 0.725336
30 92 0.619368
30 255 0.611956
30 793 0.605438
31 791 0.615484
32 255 0.647137
32 779 0.638206
36 37 0.974537
36 38 0.774909
36 39 0.605483
36 238 0.621096
36 970 0.658491
37 38 0.801248
37 238 0.619952
37 970 0.648107
39 166 0.711472
39 167 0.736878
39 168 0.650523
39 598 0.602397
39 789 0.603996
39 791 0.637302
39 792 0.646398
39 793 0.691587
39 794 0.678447
40 656 0.684852
41 42 0.943948
41 43 0.862887
42 43 0.918078
45 1085 0.635699
46 47 0.618097
46 363 0.608715
46 488 0.644322
46 489 0.627242
46 504 0.655155
46 533 0.719286
46 724 0.607391
46 818 0.661723
46 845 0.764368
46 847 0.60902
46 916 0.620592
46 955 0.666638
46 1064 0.614092
47 716 0.623858
48 364 0.65022
48 365 0.626021
48 366 0.691482
48 367 0.732027
48 818 0.643349
48 1064 0.608372
49 457 0.608273
50 92 0.640765
50 687 0.601025
50 1060 0.706969
50 1061 0.604846
52 53 0.903555
52 107 0.636537
52 132 0.619128
52 836 0.615373
53 1069 0.637851
58 59 0.9165
58 60 0.644655
58 737 0.621627
59 60 0.756206
61 937 0.676128
62 72 0.688791
62 79 0.600449
62 86 0.68599
62 87 0.759938
62 136 0.758021
62 937 0.63955
62 938 0.665601
62 1069 0.67332
64 218 0.613902
64 731 0.61541
66 67 0.710932
68 69 0.932283
70 72 0.615789
70 922 0.628358
71 74 0.645131
71 75 0.621349
71 83 0.673103
71 444 0.61247
71 1070 0.666748
72 74 0.67097
72 75 0.645498
72 79 0.665027
72 87 0.634201
72 130 0.619904
72 133 0.601312
72 136 0.606093
72 746 0.637901
72 833 0.601071
72 936 0.6934
72 938 0.605619
72 939 0.632427
72 952 0.654614
72 1069 0.679689
72 1070 0.664417
73 74 0.661028
73 610 0.614273
74 75 0.712073
74 79 0.659635
74 83 0.638682
74 922 0.637777
74 952 0.605969
74 1045 0.673847
74 1070 0.66346
75 980 0.604524
76 77 0.934177
76 95 0.645382
76 133 0.617827
76 304 0.636365
77 78 0.610071
77 79 0.600397
77 95 0.622722
77 1053 0.636232
79 83 0.604876
79 93 0.635745
80 107 0.603
81 82 0.880461
83 93 0.726068
83 96 0.600184
83 1045 0.684605
83 1047 0.634511
83 1070 0.630017
85 86 0.664113
86 87 0.670078
86 136 0.624994
86 158 0.609588
87 136 0.644442
87 734 0.615914
87 934 0.619736
87 936 0.637114
87 937 0.613987
87 938 0.655055
87 939 0.636792
87 941 0.65424
88 89 0.749928
89 411 0.630917
89 817 0.727185
90 91 0.712604
90 435 0.617669
90 732 0.649119
91 732 0.615667
92 145 0.675058
92 435 0.690367
92 599 0.722948
92 686 0.600786
92 687 0.600721
92 791 0.6617
92 792 0.662128
92 793 0.649746
92 1060 0.668398
93 94 0.728527
93 1047 0.603911
94 610 0.600893
94 1001 0.601329
96 97 0.970188
96 462 0.652429
96 599 0.62869
96 979 0.607851
97 462 0.645388
99 125 0.676571
99 126 0.61095
99 499 0.619836
99 732 0.613059
99 782 0.640077
99 837 0.605846
99 942 0.642185
103 290 0.619106
108 109 0.828522
108 110 0.641209
108 360 0.666615
109 394 0.620344
110 360 0.648797
111 305 0.601594
112 113 0.70922
112 114 0.724262
112 655 0.611145
113 114 0.831727
115 116 0.978132
115 117 0.701115
115 349 0.661783
115 731 0.601678
116 117 0.64215
117 131 0.631743
117 135 0.645865
117 349 0.645895
117 410 0.662879
117 411 0.608575
117 953 0.647638
118 119 0.956816
118 120 0.945776
118 121 0.782779
118 122 0.662937
118 123 0.678864
118 340 0.621343
118 838 0.609949
118 854 0.626574
119 120 0.98227
119 121 0.81734
119 122 0.742264
119 123 0.718377
119 210 0.644419
119 418 0.617297
119 838 0.615323
119 854 0.635126
120 121 0.856076
120 122 0.764816
120 123 0.737573
120 142 0.600591
120 210 0.611853
120 418 0.608575
120 838 0.616002
120 854 0.630803
121 122 0.862779
121 123 0.873976
122 123 0.922299
124 127 0.617912
124 131 0.612319
124 165 0.643931
124 166 0.714326
124 167 0.636581
124 168 0.71299
124 189 0.756058
124 234 0.632256
124 423 0.611953
124 486 0.613274
124 499 0.718665
124 515 0.602922
124 780 0.605136
124 784 0.637703
124 787 0.619059
124 854 0.628459
125 126 0.916339
126 499 0.611024
127 128 0.781378
127 129 0.680137
128 129 0.853108
130 936 0.700686
133 134 0.943725
133 292 0.709233
134 221 0.607867
134 292 0.720428
135 136 0.734308
137 138 0.92886
137 139 0.845246
137 140 0.85786
137 141 0.682927
137 193 0.641467
138 139 0.904903
138 140 0.915484
138 141 0.756942
138 218 0.612069
139 140 0.946797
139 141 0.837841
140 141 0.842414
141 572 0.600672
142 143 0.918279
142 734 0.612738
142 785 0.62021
144 255 0.644685
144 780 0.646016
145 146 0.737487
145 167 0.621106
145 435 0.688863
146 777 0.604423
148 840 0.673443
150 764 0.644517
152 153 0.934368
154 155 0.964667
154 156 0.706059
154 157 0.653735
154 158 0.615606
154 159 0.687393
154 160 0.740842
154 161 0.803824
154 162 0.618139
154 164 0.746769
155 156 0.758311
155 157 0.734369
155 158 0.716739
155 159 0.741947
155 160 0.757003
155 161 0.839413
155 162 0.701139
155 164 0.78233
156 157 0.944135
156 158 0.792899
156 159 0.875145
156 160 0.818339
156 161 0.801376
156 162 0.803482
156 164 0.775196
157 158 0.825338
157 159 0.82411
157 160 0.720546
157 161 0.734152
157 162 0.775957
157 164 0.658679
157 1064 0.601082
158 159 0.801232
158 160 0.68037
158 161 0.717313
158 162 0.76529
158 164 0.624084
158 731 0.634931
158 751 0.613228
158 817 0.621232
159 160 0.829567
159 161 0.849116
159 162 0.805445
159 164 0.778551
160 161 0.810287
160 162 0.776989
160 163 0.687194
160 164 0.797229
161 162 0.835177
161 164 0.927793
162 164 0.834175
162 251 0.606996
162 761 0.608733
162 1064 0.65855
162 1065 0.662771
164 737 0.609944
164 760 0.608969
164 761 0.618374
164 1065 0.655701
165 166 0.690439
165 167 0.657172
165 168 0.685602
165 1066 0.627275
166 167 0.965216
166 168 0.899886
166 169 0.619222
166 271 0.731013
166 435 0.611067
166 499 0.647235
166 775 0.614017
166 794 0.6085
167 168 0.872859
167 271 0.70778
167 435 0.62819
167 499 0.629009
167 792 0.620307
167 1061 0.610567
168 174 0.603331
168 189 0.620699
168 271 0.652701
168 499 0.695134
168 504 0.617154
168 775 0.638886
168 1066 0.609195
169 521 0.60129
169 775 0.650059
170 171 0.958698
171 348 0.60869
172 730 0.609949
172 783 0.634908
173 680 0.60641
174 724 0.636157
176 177 0.928882
178 179 0.993193
178 180 0.926553
178 181 0.972642
178 182 0.964247
178 183 0.770995
179 180 0.93836
179 181 0.983445
179 182 0.978424
179 183 0.766999
180 181 0.939798
180 182 0.921791
180 183 0.719719
181 182 0.988716
181 183 0.749665
182 183 0.771541
185 186 0.886613
185 187 0.838526
185 188 0.835433
185 750 0.726399
186 187 0.920938
186 188 0.906692
186 750 0.668962
187 188 0.94992
187 750 0.738549
188 750 0.737807
189 423 0.60102
189 780 0.647801
193 195 0.625157
193 196 0.637196
193 197 0.636024
193 198 0.623233
193 199 0.619971
193 200 0.651585
193 201 0.634053
193 202 0.613478
193 204 0.762133
194 195 0.902808
194 196 0.903029
194 197 0.910875
194 198 0.907369
194 199 0.909288
194 200 0.894151
194 201 0.855637
194 202 0.888385
194 203 0.709434
194 204 0.746255
195 196 0.98485
195 197 0.985311
195 198 0.974097
195 199 0.975121
195 200 0.984699
195 201 0.972036
195 202 0.969238
195 203 0.82323
195 204 0.854753
196 197 0.995937
196 198 0.988804
196 199 0.987315
196 200 0.984609
196 201 0.976949
196 202 0.973856
196 203 0.847925
196 204 0.884609
197 198 0.9887
197 199 0.988418
197 200 0.982019
197 201 0.972166
197 202 0.97437
197 203 0.841104
197 204 0.881667
198 199 0.991517
198 200 0.979227
198 201 0.966295
198 202 0.970027
198 203 0.842361
198 204 0.868274
199 200 0.983192
199 201 0.971611
199 202 0.979398
199 203 0.84053
199 204 0.877113
200 201 0.972347
200 202 0.96535
200 203 0.82861
200 204 0.877355
201 202 0.976793
201 203 0.880707
201 204 0.875947
202 203 0.881838
202 204 0.878008
203 204 0.850899
205 206 0.804518
205 207 0.775469
206 207 0.838612
206 208 0.803739
209 250 0.605564
209 290 0.603862
209 601 0.620272
209 990 0.659116
209 1027 0.605742
209 1030 0.600244
210 362 0.616498
210 504 0.638538
210 573 0.611747
210 697 0.679302
210 698 0.623687
210 838 0.665178
213 457 0.630499
216 485 0.647972
217 218 0.779436
218 220 0.65694
218 404 0.639986
219 370 0.637939
222 223 0.648939
222 479 0.607445
222 1023 0.649037
222 1029 0.646698
222 1036 0.69972
223 617 0.65917
223 1036 0.648549
224 226 0.688176
224 227 0.646612
224 485 0.633416
224 487 0.642795
224 538 0.637462
224 541 0.621043
224 1090 0.659358
225 226 0.778404
225 227 0.782867
225 228 0.621527
225 273 0.60202
225 1087 0.615484
225 1091 0.708636
226 227 0.917047
226 228 0.661238
226 1090 0.668275
226 1091 0.67577
227 228 0.648627
227 1090 0.60424
227 1091 0.688651
228 540 0.690587
228 589 0.608788
229 651 0.620343
231 617 0.606128
232 240 0.607046
232 273 0.62024
232 297 0.615965
232 481 0.608175
232 609 0.605634
233 287 0.615573
234 784 0.691596
234 847 0.654469
234 883 0.708402
235 236 0.810123
235 924 0.606091
236 560 0.611948
236 871 0.611278
236 924 0.622274
237 253 0.606708
239 1010 0.643599
239 1024 0.62339
239 1025 0.604137
240 273 0.614874
240 309 0.619723
240 617 0.633424
244 245 0.637692
246 247 0.740708
248 249 0.715046
250 474 0.611773
250 563 0.660749
250 601 0.697769
250 605 0.653191
250 619 0.615215
250 622 0.609446
250 623 0.628436
250 627 0.686014
250 727 0.604622
250 990 0.616736
250 1002 0.61057
250 1009 0.604322
250 1020 0.754133
250 1025 0.62215
250 1026 0.677921
250 1027 0.723442
250 1028 0.660899
250 1029 0.659497
250 1030 0.667486
250 1031 0.643195
250 1032 0.610003
250 1073 0.615659
250 1076 0.61238
251 252 0.691969
252 489 0.606943
252 520 0.601413
253 365 0.618041
253 366 0.623072
254 255 0.810774
254 780 0.736191
255 266 0.633955
255 780 0.687267
257 258 0.658435
258 634 0.602137
258 994 0.606574
259 260 0.642546
260 679 0.644226
261 673 0.626081
262 263 0.939895
264 561 0.629559
264 677 0.608437
264 1076 0.705391
265 452 0.614547
265 593 0.635967
265 594 0.674864
265 595 0.690249
265 652 0.696789
265 653 0.66472
265 705 0.741023
265 1001 0.602731
265 1002 0.658627
265 1040 0.705115
272 1040 0.641975
273 274 0.607833
273 344 0.629364
273 540 0.759909
273 589 0.637974
273 617 0.757054
273 766 0.60915
276 277 0.748107
276 404 0.632577
276 662 0.621801
276 663 0.645509
277 662 0.604279
277 674 0.604707
279 338 0.606565
279 364 0.606738
279 367 0.63066
282 627 0.628148
284 285 0.796714
284 286 0.63656
284 578 0.660275
285 286 0.722397
290 291 0.62203
291 610 0.706901
292 404 0.60428
293 294 0.790057
293 295 0.709647
293 338 0.628005
294 295 0.798191
294 491 0.626111
294 492 0.621554
294 505 0.603678
294 638 0.610796
296 297 0.605902
297 845 0.602841
300 622 0.622419
300 1007 0.620965
301 605 0.652752
301 984 0.632332
303 1025 0.617653
306 307 0.945298
306 308 0.760832
306 309 0.608235
307 308 0.784661
308 309 0.639343
312 394 0.650029
312 603 0.681396
313 314 0.757784
314 321 0.644215
314 322 0.64143
315 316 0.831185
316 317 0.639071
317 393 0.603707
317 1012 0.655836
317 1020 0.627534
318 319 0.690425
318 733 0.660898
319 733 0.611728
321 322 0.928966
322 951 0.603504
323 634 0.661477
324 433 0.626463
326 327 0.862514
332 333 0.883107
332 364 0.610053
332 390 0.608388
332 391 0.615943
334 410 0.604218
334 569 0.608822
334 970 0.63459
337 539 0.60102
338 364 0.672401
338 365 0.628233
338 367 0.681978
338 559 0.605485
340 831 0.602453
340 863 0.830118
340 890 0.633631
340 897 0.601478
342 343 0.891418
342 344 0.693394
343 344 0.860528
345 346 0.91871
345 1016 0.631441
347 348 0.976476
347 822 0.711476
347 823 0.684198
348 822 0.702108
348 823 0.683047
349 928 0.602983
349 953 0.60166
350 360 0.66432
350 381 0.65045
350 417 0.631181
351 489 0.602239
353 354 0.861891
355 356 0.969296
358 359 0.972606
359 404 0.619551
362 381 0.670663
362 840 0.635004
362 885 0.66517
364 365 0.772089
364 366 0.776673
364 367 0.86621
364 389 0.632003
364 708 0.621593
365 366 0.922581
365 367 0.880324
365 389 0.622298
366 367 0.900995
367 389 0.642318
367 541 0.610294
367 818 0.681677
368 369 0.883817
370 371 0.737686
370 382 0.619961
370 386 0.655783
370 394 0.639326
373 374 0.635057
373 375 0.619762
373 378 0.62908
373 381 0.747085
373 603 0.63258
374 376 0.665274
375 376 0.877483
375 379 0.677584
375 380 0.682825
376 379 0.613383
376 380 0.622773
379 380 0.963578
380 381 0.60288
381 382 0.607536
381 385 0.626919
381 417 0.67743
382 394 0.610078
382 494 0.620521
382 579 0.666712
382 603 0.673004
383 394 0.620692
383 603 0.676983
383 1026 0.605346
384 385 0.879402
384 637 0.63031
384 1012 0.618167
385 637 0.605218
385 1012 0.625861
386 394 0.647931
386 404 0.639505
387 1006 0.60377
389 390 0.874435
389 391 0.804368
389 541 0.647057
389 818 0.607305
389 840 0.60739
390 391 0.910798
392 393 0.790869
392 543 0.63835
393 394 0.750686
394 603 0.699397
395 396 0.909525
395 397 0.628406
396 397 0.669995
398 399 0.74453
401 402 0.949091
401 403 0.91141
401 645 0.626653
402 403 0.916813
402 645 0.654829
403 645 0.672475
404 643 0.633223
404 1016 0.657741
405 644 0.630626
406 407 0.776145
410 411 0.972407
413 414 0.771163
415 416 0.901779
418 419 0.612201
420 451 0.705289
422 423 0.918456
423 535 0.656598
424 425 0.873983
426 427 0.606397
427 428 0.853078
435 702 0.616024
435 743 0.604464
435 966 0.610119
438 1023 0.613686
447 814 0.62826
447 860 0.670499
450 979 0.683676
452 652 0.631664
452 1062 0.605208
453 454 0.700552
455 456 0.729632
460 461 0.901947
460 639 0.600095
463 464 0.825658
468 723 0.638952
470 1004 0.606239
470 1086 0.636623
471 631 0.687265
472 627 0.623032
472 1012 0.641114
473 474 0.835593
473 475 0.622709
473 562 0.666615
473 563 0.600882
474 475 0.611859
475 605 0.603177
480 601 0.716775
485 487 0.646505
486 518 0.636174
486 519 0.647835
487 540 0.697172
488 489 0.666008
488 533 0.605601
489 490 0.692602
489 505 0.607394
489 586 0.645573
489 708 0.631216
489 752 0.697741
490 520 0.601003
491 492 0.78068
491 752 0.609743
491 1064 0.6023
494 622 0.624385
494 623 0.614813
494 1007 0.628041
494 1008 0.623774
495 496 0.933192
495 575 0.607368
495 752 0.614489
496 557 0.600828
497 498 0.784233
498 737 0.645574
498 830 0.613201
499 500 0.702877
499 504 0.63667
499 515 0.657641
499 854 0.678982
500 504 0.693137
500 518 0.615498
500 520 0.640675
500 521 0.760844
500 752 0.608851
500 787 0.642031
500 789 0.622959
500 854 0.689842
500 859 0.711172
501 502 0.780697
501 735 0.605354
501 782 0.711238
502 503 0.675692
502 504 0.605143
502 775 0.62214
502 782 0.634471
503 586 0.615183
503 855 0.606417
504 511 0.612142
504 516 0.622474
504 519 0.689406
504 520 0.716662
504 521 0.627695
504 533 0.637677
504 573 0.619958
504 752 0.621618
504 838 0.69341
504 854 0.744773
504 917 0.600922
504 955 0.665776
505 520 0.715388
505 535 0.622665
505 575 0.654799
505 755 0.610305
505 769 0.672267
505 917 0.611368
507 673 0.660377
511 512 0.852948
515 516 0.634049
515 518 0.649008
515 519 0.600659
515 891 0.625586
515 892 0.602554
516 517 0.657693
516 528 0.604474
516 752 0.60178
516 832 0.640236
516 853 0.720398
516 1090 0.6185
517 518 0.615649
517 519 0.672212
517 520 0.634943
517 528 0.662912
517 586 0.678138
517 818 0.661615
517 838 0.603811
517 840 0.642886
517 897 0.609899
517 898 0.641762
517 903 0.675157
518 519 0.610039
518 521 0.643078
518 752 0.619392
518 849 0.604706
518 854 0.621519
518 856 0.63321
518 893 0.632528
519 520 0.703283
519 573 0.614843
519 752 0.64631
519 838 0.610486
519 854 0.643197
519 866 0.600946
519 900 0.645302
520 521 0.725299
520 528 0.612713
520 533 0.604003
520 755 0.634286
520 854 0.650635
520 917 0.608189
520 955 0.669685
521 751 0.649089
521 752 0.711854
521 755 0.683571
521 775 0.64541
521 818 0.712806
521 830 0.628335
521 849 0.603512
521 859 0.710036
521 917 0.672401
521 955 0.706804
521 1064 0.650772
523 545 0.637692
523 556 0.627106
523 563 0.6781
523 605 0.603051
525 526 0.624205
526 534 0.605532
526 579 0.606855
528 533 0.663976
528 534 0.62673
528 818 0.600698
529 803 0.646118
529 804 0.656666
530 531 0.890913
531 575 0.601204
531 752 0.600328
533 845 0.67943
534 538 0.610601
535 724 0.671968
535 764 0.63892
536 832 0.613858
538 541 0.636004
540 541 0.616937
540 543 0.6689
540 589 0.626788
541 542 0.678923
541 543 0.71615
541 1090 0.615524
542 543 0.637925
544 904 0.736352
544 905 0.672501
547 548 0.601735
548 621 0.661133
553 554 0.677069
557 576 0.62046
557 879 0.613759
557 924 0.678902
561 562 0.690048
561 871 0.618502
561 924 0.631678
562 619 0.646449
563 601 0.612959
563 605 0.758322
563 619 0.617819
563 627 0.639222
563 1020 0.753018
563 1026 0.612967
563 1028 0.608606
563 1031 0.620316
563 1032 0.621762
565 812 0.601747
567 568 0.645214
568 732 0.608711
570 827 0.600289
575 587 0.609467
575 876 0.706908
575 878 0.661395
577 887 0.605463
585 586 0.62767
585 903 0.708578
586 903 0.663001
589 716 0.624225
590 591 0.643327
590 616 0.693317
590 1009 0.61796
590 1012 0.630466
593 594 0.864961
593 595 0.829696
593 596 0.619634
593 629 0.679838
593 634 0.719552
593 705 0.610864
593 1002 0.614825
593 1040 0.604993
594 595 0.95725
594 596 0.770042
594 597 0.692524
594 629 0.699926
594 634 0.668794
594 1002 0.610458
594 1040 0.636789
595 596 0.67625
595 597 0.652732
595 634 0.635424
595 1040 0.639306
596 597 0.841687
596 1058 0.63797
598 599 0.627598
598 776 0.645356
598 777 0.634284
599 1050 0.650652
599 1060 0.619456
599 1061 0.60271
600 1075 0.65206
601 605 0.722806
601 1009 0.61008
601 1019 0.628962
601 1020 0.603039
601 1024 0.613797
601 1026 0.700257
601 1027 0.698699
601 1028 0.701826
601 1030 0.634973
601 1031 0.650587
601 1032 0.619263
604 993 0.612266
605 627 0.681092
605 925 0.689799
605 1020 0.622196
606 620 0.622777
606 622 0.602119
609 610 0.629405
610 1021 0.605543
614 1036 0.653673
616 622 0.617264
616 623 0.625529
618 766 0.600247
619 1020 0.628714
620 622 0.640972
620 623 0.605843
620 982 0.66512
621 666 0.601489
621 1020 0.664517
621 1023 0.6473
621 1030 0.613626
621 1032 0.610933
622 623 0.784422
622 1007 0.612176
622 1009 0.748515
622 1020 0.625402
622 1025 0.611099
622 1026 0.610847
622 1027 0.682826
622 1028 0.625077
622 1030 0.717179
622 1032 0.633566
623 1007 0.649363
623 1009 0.859825
623 1020 0.67369
623 1030 0.637145
624 1027 0.625866
625 626 0.694824
625 1026 0.649899
625 1027 0.609678
625 1028 0.654022
625 1031 0.6206
625 1032 0.687396
627 628 0.614721
627 1020 0.751921
627 1027 0.604784
627 1076 0.735576
628 629 0.602191
630 664 0.601055
631 1040 0.610207
636 792 0.60769
638 639 0.982491
640 641 0.760783
640 642 0.75094
640 643 0.743698
640 644 0.698257
641 642 0.967011
641 643 0.929399
641 644 0.706881
642 643 0.934596
642 644 0.744498
643 644 0.73223
646 647 0.846562
646 648 0.851621
647 648 0.914752
649 665 0.645091
651 673 0.734218
651 676 0.691354
651 748 0.64061
652 653 0.892668
652 683 0.635866
652 705 0.710536
652 803 0.642662
652 804 0.615305
652 1002 0.610372
652 1057 0.612812
652 1072 0.706712
653 705 0.655285
653 1072 0.630961
654 1060 0.647905
656 855 0.696083
657 691 0.676055
658 659 0.87772
658 660 0.876451
658 661 0.673985
659 660 0.906307
659 661 0.641271
660 661 0.694308
661 705 0.690394
661 987 0.688292
661 988 0.633342
661 989 0.688884
661 1021 0.638786
662 663 0.944956
662 664 0.962423
662 722 0.610334
662 1057 0.650375
663 664 0.942538
663 674 0.648114
663 722 0.612441
664 722 0.607152
665 666 0.81269
666 1001 0.651197
667 774 0.625793
671 693 0.624358
671 695 0.607613
672 801 0.635161
672 962 0.608451
673 676 0.631778
676 677 0.688555
677 757 0.609938
677 1001 0.614658
679 1022 0.609186
679 1036 0.706906
679 1087 0.61401
680 681 0.620648
681 682 0.818471
682 792 0.609227
686 687 0.961693
686 776 0.709441
686 777 0.759013
686 778 0.748726
686 791 0.603295
686 792 0.648549
686 793 0.608177
686 1074 0.655291
687 776 0.783411
687 777 0.817785
687 778 0.780609
687 791 0.615241
687 792 0.640632
687 793 0.638155
688 689 0.867409
690 965 0.628566
690 1083 0.627011
693 694 0.860295
693 695 0.866755
694 695 0.901087
697 698 0.85182
697 1081 0.614662
697 1082 0.609384
698 1081 0.638077
699 923 0.608182
704 856 0.648397
705 988 0.613475
705 1002 0.617828
705 1057 0.61383
705 1067 0.684307
706 707 0.920313
709 710 0.871111
709 711 0.743392
709 712 0.722381
709 713 0.723849
709 714 0.753577
710 711 0.829599
710 712 0.813399
710 713 0.821824
710 714 0.779757
711 712 0.985264
711 713 0.962719
711 714 0.909066
712 713 0.983718
712 714 0.919952
713 714 0.934266
715 716 0.76689
720 748 0.60782
722 1040 0.603199
722 1057 0.614575
724 755 0.625598
724 818 0.685463
724 875 0.638691
726 836 0.687548
730 836 0.703602
730 915 0.644346
731 732 0.602198
731 937 0.633022
731 938 0.605123
731 945 0.615673
732 743 0.618962
732 810 0.607446
733 734 0.760801
733 735 0.741623
733 751 0.607753
733 808 0.615073
737 755 0.61836
737 830 0.623097
737 917 0.602647
737 1064 0.783251
737 1065 0.772885
741 974 0.640308
743 1069 0.616473
746 988 0.658031
747 748 0.782742
748 1072 0.633396
749 788 0.602425
750 836 0.70847
751 859 0.637144
751 941 0.609832
751 942 0.621425
752 755 0.604235
752 818 0.649082
752 846 0.606724
752 878 0.628165
752 879 0.618492
752 1064 0.647049
755 813 0.642399
755 818 0.661091
755 830 0.616898
755 846 0.618676
755 849 0.634723
755 917 0.653233
755 955 0.66617
755 1064 0.642278
756 927 0.629634
757 758 0.604919
757 1036 0.614172
758 759 0.978581
758 760 0.797352
758 761 0.62234
759 760 0.816772
759 761 0.646714
760 761 0.915112
761 1064 0.672347
761 1065 0.665407
762 1072 0.698685
764 765 0.774311
772 773 0.86409
774 1024 0.628411
774 1030 0.604938
776 777 0.933892
776 778 0.92201
776 789 0.625472
776 791 0.614169
777 778 0.926523
777 791 0.625159
777 792 0.626537
777 793 0.622607
778 791 0.611294
778 792 0.600895
779 780 0.804236
782 854 0.601888
783 784 0.641772
784 814 0.617891
784 847 0.644096
784 883 0.633741
787 788 0.690197
789 794 0.622362
791 792 0.849184
791 793 0.84033
791 794 0.746721
792 793 0.96441
792 794 0.89478
792 858 0.621183
792 1074 0.675291
793 794 0.927409
793 858 0.629731
794 858 0.614925
797 913 0.603581
800 801 0.73298
803 804 0.972667
807 839 0.605324
808 817 0.627885
810 811 0.832722
812 813 0.816359
812 860 0.616129
812 955 0.678341
813 860 0.768801
813 955 0.617989
814 836 0.63373
814 852 0.645693
814 911 0.645357
817 818 0.613288
818 840 0.660761
818 859 0.616501
818 917 0.707135
818 954 0.6063
818 955 0.784873
818 1064 0.63196
822 823 0.920521
823 866 0.655091
824 859 0.610194
825 826 0.907174
829 830 0.802608
830 917 0.652254
830 942 0.600152
831 839 0.645356
836 852 0.673252
836 915 0.686022
836 942 0.661593
837 942 0.652109
837 953 0.6099
837 957 0.621843
838 854 0.663734
840 859 0.641046
841 842 0.933146
843 844 0.971228
844 957 0.616666
845 846 0.731134
845 847 0.702087
845 848 0.613699
846 847 0.666203
846 848 0.605185
846 900 0.609653
847 848 0.867939
849 955 0.626445
852 896 0.602025
852 911 0.631758
852 939 0.687617
852 940 0.785851
852 941 0.648133
852 942 0.722449
852 947 0.604421
852 953 0.750579
852 957 0.610799
853 913 0.609059
854 856 0.610978
855 913 0.658999
859 917 0.691211
859 942 0.605676
859 955 0.641271
863 898 0.638323
866 897 0.624329
870 871 0.660655
870 872 0.708039
871 872 0.679038
875 876 0.668313
878 879 0.835389
878 914 0.620018
881 882 0.826838
885 898 0.61983
886 887 0.844338
888 889 0.628301
888 894 0.654259
889 890 0.648173
889 893 0.65428
889 897 0.614885
889 900 0.621285
889 903 0.632463
889 909 0.620739
890 898 0.764013
891 902 0.706784
891 903 0.62469
893 894 0.682171
894 899 0.622937
897 898 0.68097
899 907 0.643148
902 903 0.659118
904 905 0.676838
911 941 0.624106
917 955 0.686101
921 929 0.627201
928 939 0.649851
928 940 0.658646
928 941 0.668259
928 942 0.636077
928 945 0.643561
928 953 0.643588
928 956 0.652891
928 957 0.616917
928 958 0.606284
929 933 0.6169
929 936 0.751457
929 937 0.641297
929 938 0.653055
929 939 0.63179
930 933 0.672303
930 936 0.60906
930 940 0.61194
930 942 0.633636
930 946 0.620951
930 953 0.663351
930 958 0.701988
931 932 0.849443
931 933 0.734167
931 934 0.650484
931 936 0.621528
931 938 0.61795
931 939 0.728057
931 940 0.617825
931 941 0.656705
931 942 0.621139
931 945 0.691018
932 933 0.822966
932 936 0.679289
932 938 0.623719
932 939 0.770127
932 940 0.648963
932 945 0.78112
932 948 0.639749
932 949 0.652698
933 936 0.771427
933 937 0.603613
933 938 0.621938
933 939 0.784267
933 940 0.646128
933 945 0.775586
933 947 0.609583
933 948 0.657866
933 949 0.654827
933 958 0.623788
934 935 0.688806
934 936 0.603425
934 937 0.677809
934 938 0.688395
934 939 0.63535
934 940 0.602526
934 942 0.611379
934 945 0.683946
934 948 0.677977
934 949 0.677523
935 936 0.704768
935 937 0.637397
935 938 0.675142
935 939 0.657988
935 940 0.6503
935 941 0.607102
935 942 0.695805
935 943 0.622855
935 946 0.630688
935 953 0.607419
936 937 0.82557
936 938 0.841529
936 939 0.865569
936 940 0.665192
936 941 0.720696
936 945 0.713238
936 948 0.719825
936 949 0.734168
936 950 0.631847
936 951 0.653556
936 952 0.689173
936 953 0.673463
936 957 0.631015
936 958 0.662758
937 938 0.959657
937 939 0.734399
937 940 0.600845
937 941 0.61048
937 945 0.67706
937 948 0.679412
937 949 0.668917
937 950 0.631836
937 953 0.660979
937 1069 0.672707
938 939 0.761125
938 940 0.623693
938 941 0.656081
938 945 0.668591
938 948 0.702605
938 949 0.698584
938 950 0.663671
938 953 0.642968
938 1069 0.696376
939 940 0.851698
939 941 0.786551
939 942 0.658212
939 943 0.611454
939 944 0.611371
939 945 0.845321
939 947 0.693046
939 948 0.758831
939 949 0.73382
939 950 0.631975
939 951 0.634818
939 953 0.776419
939 956 0.686146
939 957 0.70999
939 958 0.696678
939 1069 0.610138
940 941 0.73952
940 942 0.793503
940 943 0.70118
940 944 0.620562
940 945 0.788092
940 947 0.638358
940 948 0.647487
940 950 0.669568
940 953 0.876556
940 954 0.625324
940 956 0.653957
940 957 0.688415
940 958 0.691083
941 943 0.606528
941 945 0.743288
941 946 0.639779
941 947 0.603233
941 948 0.665895
941 949 0.60335
941 951 0.752024
941 953 0.671069
941 956 0.677516
941 957 0.641946
942 943 0.710638
942 944 0.604637
942 945 0.676263
942 950 0.72799
942 953 0.738885
942 958 0.686176
943 944 0.629146
943 945 0.677494
943 946 0.720554
943 948 0.628928
943 950 0.747404
943 958 0.600252
944 945 0.653952
945 946 0.65719
945 947 0.723111
945 948 0.78824
945 949 0.745392
945 950 0.621783
945 953 0.674008
945 956 0.614013
945 957 0.616691
945 958 0.612043
947 948 0.874243
947 949 0.799496
947 951 0.624296
947 953 0.6142
948 949 0.948988
948 951 0.679181
948 953 0.607963
949 951 0.621703
950 953 0.687715
950 956 0.615331
950 957 0.623387
952 1070 0.707664
953 956 0.61951
953 957 0.703165
953 958 0.671737
956 957 0.929185
956 958 0.685161
957 958 0.761414
959 960 0.898998
959 961 0.84627
960 961 0.913364
964 1023 0.603198
971 972 0.917602
971 973 0.917181
971 974 0.859426
972 973 0.946106
972 974 0.89898
973 974 0.919475
982 1045 0.762757
987 989 0.668127
988 989 0.789159
988 990 0.756397
989 990 0.72014
990 1024 0.641723
990 1027 0.627199
990 1032 0.601179
992 993 0.842985
996 1046 0.64044
1001 1021 0.640932
1001 1029 0.654875
1001 1030 0.685795
1002 1057 0.705212
1003 1004 0.78805
1005 1006 0.932811
1007 1009 0.62974
1009 1020 0.618329
1009 1030 0.624509
1014 1017 0.611885
1015 1016 0.860016
1017 1018 0.686215
1019 1024 0.69441
1019 1025 0.630172
1019 1026 0.614635
1019 1027 0.654167
1019 1028 0.634756
1019 1030 0.604798
1019 1033 0.604017
1019 1051 0.600591
1020 1025 0.644679
1020 1026 0.706875
1020 1027 0.738535
1020 1028 0.747419
1020 1029 0.723201
1020 1030 0.723093
1020 1031 0.734211
1020 1032 0.661183
1020 1034 0.636775
1020 1051 0.615831
1020 1078 0.628002
1021 1027 0.636941
1021 1030 0.639243
1021 1034 0.620795
1021 1035 0.622661
1021 1045 0.621309
1022 1023 0.650731
1022 1027 0.604667
1022 1028 0.638029
1022 1029 0.66227
1022 1030 0.669252
1022 1031 0.647723
1022 1034 0.619668
1022 1035 0.670279
1022 1036 0.722344
1022 1046 0.667814
1023 1025 0.608178
1023 1028 0.657895
1023 1029 0.66337
1023 1030 0.644955
1023 1031 0.66488
1023 1036 0.667234
1024 1025 0.898621
1024 1026 0.762712
1024 1027 0.802775
1024 1028 0.806133
1024 1029 0.754453
1024 1030 0.786578
1024 1031 0.666927
1024 1032 0.691257
1024 1033 0.668378
1024 1034 0.774857
1024 1035 0.698896
1024 1051 0.721014
1025 1026 0.80724
1025 1027 0.861954
1025 1028 0.90359
1025 1029 0.850473
1025 1030 0.873584
1025 1031 0.800511
1025 1032 0.711049
1025 1033 0.647755
1025 1034 0.825789
1025 1035 0.656188
1025 1049 0.622809
1025 1051 0.683797
1026 1027 0.893315
1026 1028 0.863654
1026 1029 0.824003
1026 1030 0.853339
1026 1031 0.876427
1026 1032 0.777366
1026 1033 0.639333
1026 1034 0.77627
1026 1035 0.675172
1026 1051 0.671833
1026 1080 0.607974
1027 1028 0.873084
1027 1029 0.843294
1027 1030 0.88152
1027 1031 0.841194
1027 1032 0.756009
1027 1033 0.644284
1027 1034 0.846729
1027 1035 0.705675
1027 1049 0.621826
1027 1051 0.687077
1027 1057 0.612323
1027 1080 0.630201
1028 1029 0.913833
1028 1030 0.871759
1028 1031 0.889059
1028 1032 0.80132
1028 1033 0.682779
1028 1034 0.838297
1028 1035 0.709647
1028 1051 0.677577
1029 1030 0.847087
1029 1031 0.900148
1029 1032 0.763379
1029 1033 0.608545
1029 1034 0.870002
1029 1035 0.713562
1029 1036 0.625541
1029 1051 0.656056
1030 1031 0.82926
1030 1032 0.727373
1030 1033 0.672662
1030 1034 0.795697
1030 1035 0.732896
1030 1045 0.62952
1030 1051 0.646216
1031 1032 0.766081
1031 1034 0.788983
1031 1035 0.679093
1032 1034 0.725748
1032 1035 0.606108
1032 1051 0.661833
1033 1035 0.622824
1034 1035 0.631887
1034 1051 0.71461
1035 1050 0.613842
1035 1051 0.736741
1040 1057 0.631244
1043 1044 0.706744
1045 1046 0.606817
1047 1048 0.637669
1052 1053 0.691493
1057 1080 0.648978
1058 1067 0.617446
1060 1061 0.793625
1062 1063 0.965103
1064 1065 0.921322
1069 1070 0.840572
1081 1082 0.940877
1092 1093 0.600703
1092 1094 0.645309
