11 12 13 
14 15 16 17 18 19 
37 36 38 
41 42 43 
118 119 120 
121 122 123 
137 138 139 140 141 
156 159 160 161 162 164 157 158 
166 167 168 
178 179 180 181 182 
185 186 187 188 
194 195 196 197 198 199 200 201 202 203 204 
206 205 207 208 
343 342 344 
365 366 367 364 
389 390 391 
401 402 403 
593 594 595 
641 642 643 
646 647 648 
658 659 660 
662 663 664 
693 694 695 
710 711 712 713 714 
776 777 778 
791 792 793 794 
932 931 933 
936 937 938 
948 947 949 
959 960 961 
971 972 973 974 
1025 1026 1027 1028 1029 1030 1031 1034 
