25 165 166 178 278 280 333 558 559 798 150 255 
50 155 285 459 528 553 646 115 360 
109 250 300 856 231 
112 144 264 741 
149 262 288 353 400 473 883 
161 162 813 342 
168 169 881 
194 516 690 722 357 1018 
232 282 433 688 1023 438 
237 889 942 36 
245 511 583 959 987 784 470 
281 316 368 654 
298 381 1007 1067 
305 556 577 945 
352 363 364 1015 
385 386 1034 1071 
389 415 427 444 
411 534 792 
419 644 659 1046 
441 608 999 1000 526 
457 615 1033 1076 617 1011 1038 759 
541 589 639 
550 551 600 320 
574 756 814 1069 
605 522 740 757 976 531 
686 726 970 
718 990 1066 
783 37 782 
824 825 826 
933 4 1017 
935 145 1031 
