0 312 0.603872
0 690 0.605656
0 722 0.614947
1 145 0.759689
1 172 0.614643
1 209 0.611169
1 318 0.709823
1 519 0.630473
1 572 0.617922
1 594 0.689695
1 729 0.660641
1 827 0.615351
1 880 0.698854
1 935 0.748289
1 944 0.652157
1 957 0.627007
1 962 0.659847
1 1031 0.643357
1 1057 0.61623
2 3 0.990119
4 50 0.632912
4 145 0.733058
4 152 0.612034
4 155 0.61932
4 157 0.620197
4 171 0.627294
4 172 0.715929
4 209 0.668962
4 220 0.657295
4 285 0.637836
4 459 0.631935
4 519 0.611278
4 528 0.705501
4 572 0.779756
4 729 0.66901
4 734 0.701769
4 933 0.803413
4 935 0.629367
4 954 0.654018
4 1017 0.733212
4 1033 0.603977
4 1043 0.702081
4 1047 0.684542
8 96 0.609727
8 98 0.691907
9 98 0.696547
10 436 0.6616
17 111 0.608898
18 822 0.614244
18 859 0.619718
18 1029 0.6828
20 193 0.615109
22 33 0.653535
22 40 0.652931
22 122 0.662193
22 185 0.614107
22 311 0.724393
22 362 0.608277
22 436 0.664323
22 522 0.762121
22 525 0.657985
22 531 0.739354
22 605 0.758742
22 613 0.685159
22 740 0.669758
22 757 0.61613
22 769 0.650988
22 841 0.725358
22 976 0.737157
22 977 0.61796
22 1021 0.616904
22 1039 0.668938
24 25 0.71868
24 112 0.63767
24 150 0.654447
24 165 0.62072
24 166 0.718662
24 178 0.632994
24 193 0.643795
24 255 0.638932
24 264 0.863732
24 278 0.72072
24 280 0.666596
24 333 0.645722
24 558 0.689412
24 559 0.715639
24 741 0.719299
24 798 0.643359
25 150 0.812351
25 165 0.829556
25 166 0.962125
25 178 0.81492
25 248 0.629772
25 255 0.808513
25 278 0.963451
25 280 0.839939
25 333 0.907451
25 395 0.777963
25 558 0.946712
25 559 0.96616
25 798 0.85753
26 178 0.744639
26 278 0.638878
26 280 0.768287
26 333 0.612054
26 685 0.674098
26 798 0.691075
26 953 0.600143
27 498 0.681477
27 512 0.830781
30 515 0.68906
30 694 0.617236
30 791 0.631478
32 822 0.607273
32 827 0.651775
32 944 0.603259
33 122 0.626583
33 522 0.673713
33 531 0.68164
33 605 0.724416
33 740 0.71176
33 757 0.730594
33 769 0.682207
33 976 0.606917
33 977 0.612241
34 50 0.655991
34 115 0.750006
34 155 0.619266
34 233 0.790165
34 360 0.716015
34 397 0.651821
34 459 0.679589
34 553 0.624159
34 670 0.653952
34 886 0.676079
34 973 0.601233
34 1017 0.696864
34 1053 0.625483
35 414 0.765747
35 655 0.656399
36 237 0.784334
36 693 0.639093
36 889 0.772506
36 942 0.813109
37 365 0.690872
37 543 0.719876
37 562 0.671937
37 782 0.737556
37 783 0.800545
37 800 0.674001
38 73 0.637059
38 239 0.739998
40 122 0.671262
40 242 0.669168
40 311 0.615956
40 522 0.783399
40 531 0.805717
40 605 0.771307
40 613 0.759486
40 740 0.700757
40 757 0.732216
40 769 0.670256
40 841 0.601037
40 976 0.758058
40 977 0.618864
40 1021 0.733065
40 1039 0.6446
41 384 0.761209
41 437 0.835653
41 625 0.778556
41 1027 0.619242
41 1071 0.62722
42 44 0.779268
42 57 0.855133
42 78 0.810373
42 1075 0.618903
43 44 0.698034
43 57 0.705209
43 75 0.699195
43 1075 0.834675
44 57 0.843278
44 75 0.776327
44 78 0.891968
44 1075 0.877122
45 168 0.717207
45 169 0.706719
45 187 0.624762
45 194 0.705996
45 238 0.765668
45 279 0.706898
45 357 0.77704
45 462 0.726148
45 505 0.776893
45 516 0.783554
45 592 0.729933
45 601 0.61257
45 639 0.632924
45 701 0.678068
45 722 0.697036
45 745 0.619018
45 763 0.62435
45 774 0.616771
45 790 0.772082
45 881 0.772223
45 1018 0.705438
47 497 0.737465
47 498 0.787632
47 507 0.611094
48 493 0.688284
48 681 0.626623
48 913 0.612788
48 931 0.615908
50 76 0.681352
50 115 0.853718
50 126 0.615469
50 155 0.829574
50 171 0.629441
50 233 0.600554
50 285 0.945302
50 331 0.64882
50 360 0.714645
50 459 0.905067
50 492 0.608309
50 528 0.879385
50 545 0.687429
50 553 0.881639
50 576 0.606165
50 646 0.819105
50 748 0.738258
50 804 0.635323
50 886 0.709398
50 933 0.739324
50 973 0.628123
50 1017 0.747737
50 1053 0.723846
51 593 0.621771
53 859 0.605063
57 75 0.707006
57 78 0.74941
57 1075 0.719469
58 926 0.610615
59 917 0.600979
60 657 0.615608
61 388 0.603375
66 229 0.600843
66 387 0.617808
66 605 0.664818
66 647 0.638882
66 740 0.718675
66 757 0.614344
66 976 0.607102
67 306 0.705238
67 706 0.679005
67 806 0.630031
68 795 0.671927
73 239 0.716741
73 361 0.626186
74 397 0.642747
74 493 0.659199
74 670 0.687414
75 78 0.61418
75 1075 0.727302
76 285 0.641011
76 553 0.618488
77 859 0.680657
78 382 0.716983
78 1075 0.700237
79 159 0.600215
79 190 0.606551
81 1053 0.676655
85 87 0.642249
85 138 0.608372
85 348 0.721806
85 355 0.856183
85 493 0.612503
85 504 0.640847
85 718 0.646253
85 913 0.606693
85 963 0.626997
86 498 0.61193
87 348 0.606354
87 561 0.665977
87 822 0.605482
87 957 0.633133
96 98 0.800136
99 145 0.634489
99 172 0.621731
99 195 0.638601
99 220 0.725454
99 519 0.649702
99 681 0.751445
99 931 0.701504
99 951 0.601669
99 962 0.762293
99 1031 0.604751
101 680 0.639062
105 141 0.633568
105 154 0.630372
105 186 0.699473
105 215 0.751035
105 245 0.753742
105 284 0.610367
105 312 0.802888
105 347 0.718126
105 371 0.62413
105 429 0.646448
105 432 0.647285
105 439 0.660945
105 442 0.622257
105 444 0.621273
105 470 0.647452
105 583 0.600419
105 585 0.65416
105 690 0.645859
105 744 0.686469
105 828 0.68231
105 840 0.664957
108 670 0.621416
108 933 0.601866
108 973 0.658142
108 1017 0.655808
109 231 0.676237
109 250 0.837721
109 300 0.823691
109 499 0.6375
109 851 0.688419
109 856 0.822753
112 144 0.901055
112 264 0.83684
112 325 0.797145
112 383 0.68682
112 433 0.789766
112 606 0.629951
112 623 0.889776
112 680 0.796629
112 688 0.680202
112 741 0.912701
112 898 0.763773
112 905 0.86649
112 1044 0.745347
114 165 0.675327
114 685 0.664582
114 798 0.612473
114 946 0.751466
115 155 0.78
115 171 0.65471
115 233 0.705016
115 285 0.777366
115 360 0.818495
115 459 0.751782
115 528 0.772881
115 545 0.692761
115 553 0.837311
115 646 0.714793
115 748 0.60258
115 804 0.608179
115 816 0.62665
115 886 0.750193
115 933 0.647294
115 973 0.648808
115 1017 0.70931
115 1053 0.691649
116 552 0.800932
116 578 0.729314
116 1046 0.623459
116 1068 0.731822
118 207 0.640688
120 169 0.600024
120 722 0.608661
120 840 0.604273
121 822 0.614056
121 937 0.644188
122 175 0.711239
122 229 0.629747
122 242 0.696618
122 362 0.749371
122 365 0.724901
122 387 0.675258
122 522 0.784718
122 531 0.681141
122 556 0.600903
122 605 0.763862
122 613 0.63225
122 675 0.620832
122 740 0.727551
122 757 0.655061
122 769 0.673648
122 849 0.650328
122 917 0.617103
122 947 0.63928
122 976 0.670885
122 977 0.677269
122 981 0.61574
122 1021 0.823591
124 132 0.617909
128 1073 0.623084
129 262 0.608246
131 522 0.603439
131 605 0.674852
131 740 0.710021
131 757 0.708683
132 694 0.615665
135 933 0.683828
135 1017 0.601661
138 504 0.683372
138 990 0.618546
138 1066 0.635437
139 543 0.618875
139 1050 0.647365
140 318 0.844191
140 787 0.696962
140 1028 0.796113
141 215 0.647992
141 347 0.620845
141 427 0.60856
141 444 0.647009
141 548 0.681707
141 585 0.683204
141 657 0.648576
141 763 0.604186
144 264 0.801521
144 325 0.704626
144 383 0.675504
144 433 0.686739
144 606 0.623926
144 623 0.789283
144 680 0.77822
144 688 0.60028
144 741 0.807673
144 898 0.682501
144 905 0.767796
144 1044 0.682357
145 172 0.743851
145 203 0.643787
145 209 0.653594
145 220 0.649739
145 519 0.778579
145 530 0.62374
145 561 0.607463
145 572 0.781919
145 594 0.617623
145 729 0.659623
145 734 0.637425
145 827 0.639022
145 880 0.640477
145 893 0.741664
145 896 0.65388
145 923 0.615398
145 931 0.603051
145 933 0.607472
145 935 0.820097
145 957 0.684864
145 962 0.723256
145 963 0.679763
145 1031 0.661788
145 1033 0.675763
145 1038 0.651858
145 1043 0.61844
145 1057 0.606591
149 163 0.684657
149 205 0.63776
149 262 0.84273
149 281 0.816524
149 288 0.892593
149 305 0.619955
149 316 0.711111
149 352 0.695061
149 353 0.87176
149 364 0.603171
149 368 0.710341
149 400 0.794698
149 411 0.658664
149 473 0.851766
149 476 0.764357
149 513 0.811026
149 534 0.763795
149 556 0.808265
149 560 0.817843
149 577 0.706584
149 616 0.721483
149 654 0.827879
149 675 0.607783
149 792 0.659594
149 879 0.618185
149 883 0.858774
149 945 0.667754
149 956 0.779963
149 1015 0.63633
149 1060 0.686668
150 165 0.689235
150 166 0.796665
150 178 0.77438
150 255 0.691863
150 278 0.824598
150 280 0.727278
150 333 0.75296
150 395 0.713477
150 558 0.830047
150 559 0.817217
150 798 0.711156
151 186 0.649643
151 213 0.665453
151 326 0.713447
151 451 0.684329
151 525 0.609336
151 764 0.691272
151 960 0.6316
151 1028 0.670674
154 174 0.659255
154 186 0.720423
154 194 0.627419
154 213 0.735181
154 245 0.624815
154 284 0.62645
154 312 0.611175
154 389 0.629169
154 415 0.608562
154 429 0.688656
154 432 0.646724
154 442 0.675432
154 444 0.649847
154 467 0.603433
154 470 0.707467
154 511 0.653841
154 516 0.621208
154 532 0.631367
154 585 0.600169
154 690 0.671136
154 713 0.636494
154 717 0.661762
154 719 0.63512
154 722 0.662397
154 755 0.66454
154 763 0.636042
154 766 0.636975
154 774 0.694142
154 784 0.699843
154 828 0.761746
154 840 0.660983
154 987 0.665295
155 171 0.634698
155 285 0.79759
155 360 0.708361
155 459 0.775114
155 528 0.873425
155 545 0.631687
155 553 0.87772
155 646 0.706766
155 748 0.624738
155 816 0.687717
155 886 0.620203
155 933 0.682117
155 973 0.694379
155 1017 0.68731
155 1053 0.681462
156 794 0.621062
157 172 0.608941
157 734 0.636273
157 893 0.65929
157 896 0.62765
157 922 0.643483
157 954 0.648565
161 162 0.919739
161 175 0.608053
161 216 0.616691
161 342 0.717858
161 537 0.638586
161 633 0.723679
161 813 0.834702
162 175 0.657419
162 216 0.631522
162 342 0.829387
162 417 0.650573
162 464 0.699342
162 537 0.675266
162 630 0.666088
162 633 0.780535
162 768 0.606916
162 813 0.887367
162 957 0.604467
163 281 0.688897
163 368 0.631784
163 411 0.626813
163 534 0.731995
163 560 0.684886
163 733 0.625244
165 166 0.846225
165 178 0.747419
165 255 0.690188
165 278 0.819918
165 280 0.846902
165 333 0.78308
165 395 0.730125
165 558 0.816885
165 559 0.796343
165 685 0.695965
165 798 0.907069
165 946 0.661191
165 996 0.645454
166 178 0.81741
166 248 0.61884
166 255 0.786854
166 278 0.952077
166 280 0.855661
166 333 0.877827
166 395 0.77731
166 558 0.919981
166 559 0.933404
166 798 0.87173
168 169 0.923082
168 194 0.78642
168 238 0.703635
168 241 0.757573
168 304 0.617691
168 357 0.727912
168 462 0.813182
168 470 0.600443
168 505 0.677472
168 516 0.713932
168 579 0.601638
168 581 0.699444
168 599 0.704599
168 601 0.695094
168 690 0.634015
168 701 0.677168
168 719 0.660372
168 722 0.748006
168 774 0.685077
168 790 0.691649
168 881 0.888142
168 1018 0.851094
168 1019 0.645458
168 1068 0.688337
169 194 0.743476
169 238 0.714469
169 241 0.715981
169 357 0.678123
169 462 0.764858
169 470 0.602819
169 505 0.633425
169 516 0.66492
169 581 0.684713
169 601 0.652925
169 690 0.627943
169 701 0.614938
169 719 0.652016
169 722 0.690669
169 766 0.615344
169 774 0.635552
169 790 0.694308
169 881 0.857541
169 1018 0.79012
170 825 0.630305
171 360 0.712228
171 375 0.612634
171 528 0.698394
171 553 0.704979
171 804 0.73664
171 816 0.698432
171 933 0.661637
171 1017 0.694666
172 209 0.668618
172 220 0.680743
172 431 0.62165
172 519 0.822426
172 572 0.655727
172 729 0.658468
172 893 0.722243
172 896 0.686449
172 933 0.6652
172 935 0.7183
172 962 0.641362
172 989 0.641176
172 1017 0.624104
172 1031 0.675812
172 1033 0.627885
172 1038 0.676794
174 215 0.661049
174 245 0.785651
174 284 0.66636
174 295 0.676234
174 304 0.60868
174 320 0.748158
174 371 0.619535
174 432 0.734214
174 470 0.816582
174 482 0.687103
174 511 0.776838
174 532 0.609466
174 538 0.771271
174 550 0.609608
174 583 0.754912
174 622 0.632796
174 642 0.610833
174 648 0.620151
174 690 0.669854
174 713 0.656627
174 751 0.610761
174 763 0.708926
174 774 0.634973
174 784 0.739237
174 838 0.615536
174 840 0.703324
174 843 0.619536
174 959 0.748023
174 985 0.706721
174 987 0.756201
175 229 0.627182
175 362 0.699808
175 387 0.651264
175 435 0.613776
175 534 0.64975
175 675 0.679563
175 740 0.622622
178 255 0.68395
178 278 0.881426
178 280 0.871701
178 333 0.849873
178 395 0.814723
178 558 0.779239
178 559 0.781644
178 798 0.84803
180 193 0.707676
180 242 0.606933
184 515 0.726726
186 213 0.752442
186 215 0.68839
186 245 0.710078
186 261 0.651981
186 284 0.608308
186 315 0.633295
186 320 0.604441
186 326 0.662479
186 390 0.607029
186 415 0.614437
186 429 0.679304
186 444 0.608148
186 470 0.662982
186 511 0.661976
186 538 0.657904
186 583 0.619705
186 585 0.615219
186 784 0.716828
186 828 0.611099
186 840 0.623356
186 852 0.620129
186 955 0.622482
186 985 0.602906
186 987 0.722624
187 279 0.837334
187 332 0.693173
187 511 0.616445
187 541 0.789367
187 589 0.791764
187 639 0.83064
187 731 0.708565
187 763 0.713426
189 210 0.66591
189 464 0.640451
189 709 0.667356
191 270 0.713245
191 555 0.641984
191 675 0.712816
191 825 0.634898
191 922 0.657093
191 1029 0.605073
192 253 0.613836
193 264 0.675703
194 238 0.724499
194 241 0.809738
194 245 0.611526
194 284 0.670894
194 357 0.861871
194 432 0.753574
194 462 0.738302
194 470 0.805715
194 505 0.664743
194 516 0.831605
194 567 0.663932
194 581 0.604097
194 583 0.684253
194 592 0.649414
194 599 0.793548
194 601 0.620499
194 690 0.829982
194 701 0.664894
194 713 0.616115
194 719 0.839011
194 722 0.885879
194 763 0.602577
194 766 0.660208
194 774 0.82949
194 790 0.699725
194 828 0.605899
194 840 0.68722
194 843 0.804986
194 881 0.736038
194 959 0.652473
194 987 0.710607
194 1018 0.870473
194 1068 0.695864
195 681 0.80351
195 922 0.630416
195 931 0.603425
196 288 0.619678
196 352 0.662914
196 363 0.696693
196 364 0.764225
196 1015 0.714224
200 612 0.608462
201 311 0.627699
201 605 0.616546
201 635 0.621592
201 637 0.637445
201 672 0.710064
201 692 0.660098
201 769 0.804206
201 850 0.787009
201 874 0.760289
201 977 0.767882
201 981 0.661677
203 380 0.636451
203 572 0.636232
203 880 0.600624
203 944 0.625534
203 1044 0.686335
204 561 0.718633
205 262 0.630371
205 288 0.613211
205 353 0.66349
205 473 0.706416
205 792 0.654128
205 883 0.602823
205 1060 0.61276
208 982 0.636812
209 519 0.673416
209 528 0.620734
209 572 0.695594
209 729 0.820252
209 935 0.719773
209 993 0.610707
209 1031 0.663834
209 1057 0.607302
210 931 0.618888
210 974 0.615908
213 312 0.617604
213 326 0.636533
213 444 0.677612
213 451 0.653958
213 828 0.644364
213 1028 0.736459
214 418 0.723071
214 682 0.625945
215 245 0.876999
215 320 0.731023
215 413 0.637797
215 429 0.634072
215 432 0.689815
215 444 0.60382
215 460 0.602212
215 465 0.671406
215 470 0.653976
215 482 0.738811
215 511 0.771319
215 538 0.715512
215 548 0.697355
215 550 0.645657
215 551 0.646807
215 583 0.679098
215 585 0.624047
215 707 0.626782
215 713 0.611233
215 751 0.637278
215 784 0.795047
215 838 0.673814
215 897 0.723617
215 959 0.675507
215 964 0.669876
215 987 0.614288
216 217 0.692992
216 464 0.660362
216 537 0.613583
216 813 0.648017
217 767 0.635185
217 814 0.613891
218 354 0.697569
218 427 0.604745
218 450 0.667242
218 523 0.650545
218 539 0.685565
218 585 0.72052
218 614 0.650762
218 620 0.857136
218 711 0.626753
218 787 0.603559
218 1080 0.634177
220 493 0.60165
220 519 0.684597
220 641 0.632818
220 931 0.66458
220 935 0.618548
220 962 0.780231
220 1031 0.686648
227 321 0.613844
228 676 0.650862
229 362 0.60907
229 365 0.623173
229 675 0.646588
229 740 0.678511
229 824 0.641465
229 825 0.700494
229 849 0.614751
230 355 0.607961
230 417 0.794109
230 457 0.720474
230 519 0.607704
230 570 0.652822
230 596 0.70715
230 617 0.633018
230 935 0.711512
230 948 0.67104
230 957 0.71753
230 963 0.703562
230 1011 0.748989
230 1031 0.676428
230 1033 0.649938
230 1076 0.736688
231 250 0.778276
231 300 0.884676
231 498 0.742776
231 851 0.655359
231 856 0.642788
232 282 0.887629
232 328 0.691085
232 433 0.875441
232 438 0.789383
232 623 0.772303
232 688 0.886188
232 750 0.709652
232 905 0.746003
232 1023 0.809195
233 360 0.678363
233 459 0.645643
233 545 0.6194
233 886 0.699579
233 1053 0.716937
235 743 0.705063
236 762 0.714999
237 340 0.667118
237 693 0.674104
237 696 0.612138
237 871 0.638243
237 889 0.886692
237 942 0.890608
237 1037 0.729676
238 315 0.637715
238 357 0.720587
238 432 0.631356
238 462 0.650948
238 470 0.715704
238 505 0.612466
238 516 0.681099
238 592 0.783873
238 690 0.601335
238 701 0.603337
238 722 0.688117
238 774 0.640037
238 790 0.721223
238 881 0.740281
238 987 0.677177
238 1018 0.68882
239 543 0.608333
239 562 0.632775
239 800 0.63935
239 1050 0.778667
241 304 0.666505
241 357 0.655058
241 432 0.630127
241 462 0.703995
241 470 0.714052
241 516 0.623838
241 566 0.602058
241 567 0.669455
241 581 0.69866
241 583 0.677172
241 599 0.680811
241 601 0.703851
241 690 0.818482
241 701 0.615892
241 719 0.701699
241 722 0.765549
241 735 0.618859
241 743 0.629499
241 744 0.613626
241 774 0.785656
241 790 0.608949
241 840 0.749477
241 843 0.630461
241 881 0.760766
241 919 0.695716
241 959 0.646382
241 987 0.680806
241 1018 0.783432
241 1068 0.685626
242 365 0.614539
242 522 0.72915
242 531 0.675675
242 605 0.697476
242 613 0.638435
242 635 0.659898
242 740 0.661461
242 757 0.671776
242 775 0.602384
242 976 0.628532
242 977 0.67849
242 981 0.626656
242 1021 0.650702
242 1039 0.690007
245 284 0.671534
245 295 0.648192
245 315 0.676168
245 320 0.873482
245 347 0.606002
245 413 0.682206
245 429 0.675971
245 432 0.834151
245 453 0.624186
245 460 0.711991
245 465 0.685373
245 470 0.855058
245 482 0.822599
245 511 0.864678
245 538 0.823562
245 548 0.685447
245 550 0.788952
245 551 0.764646
245 583 0.850534
245 585 0.642717
245 592 0.749428
245 600 0.730042
245 639 0.658309
245 690 0.688227
245 713 0.761946
245 722 0.616302
245 731 0.64923
245 751 0.727084
245 763 0.6371
245 774 0.609021
245 784 0.814956
245 838 0.627654
245 840 0.649377
245 843 0.625117
245 897 0.686372
245 959 0.835073
245 964 0.601031
245 985 0.770439
245 987 0.804354
246 725 0.667725
247 771 0.63426
248 559 0.613707
250 300 0.827898
250 430 0.610461
250 728 0.640853
250 856 0.850834
250 903 0.687319
252 946 0.618873
253 419 0.70785
253 659 0.71957
253 713 0.625172
254 473 0.68258
254 476 0.730809
254 691 0.650871
254 756 0.742919
254 792 0.642336
254 814 0.636362
255 278 0.804247
255 280 0.70966
255 333 0.743942
255 395 0.6706
255 558 0.898182
255 559 0.903571
255 798 0.715175
257 348 0.618623
257 718 0.681115
257 867 0.621424
257 878 0.610475
257 990 0.606271
257 1008 0.711741
257 1066 0.648085
258 465 0.703877
258 471 0.647868
258 794 0.766139
258 964 0.732244
258 1056 0.793504
261 460 0.640529
261 778 0.702383
262 281 0.646885
262 288 0.826656
262 353 0.824818
262 368 0.620721
262 400 0.770698
262 473 0.821237
262 476 0.727187
262 513 0.771498
262 534 0.709305
262 556 0.721476
262 560 0.748757
262 616 0.735598
262 675 0.616744
262 733 0.626168
262 768 0.66248
262 782 0.644548
262 792 0.658598
262 879 0.615975
262 883 0.867028
262 956 0.637748
262 1060 0.71346
264 325 0.64237
264 383 0.669957
264 433 0.713095
264 623 0.770841
264 680 0.751232
264 688 0.613675
264 741 0.841153
264 898 0.613192
264 905 0.764123
264 1044 0.62519
265 270 0.761773
265 808 0.603573
266 669 0.660427
266 934 0.626995
269 594 0.603812
274 308 0.683883
274 487 0.688761
274 574 0.613061
277 363 0.61637
277 1015 0.608524
278 280 0.913991
278 333 0.923269
278 395 0.786875
278 558 0.918028
278 559 0.93245
278 798 0.885357
279 284 0.633503
279 332 0.625733
279 357 0.637551
279 432 0.685062
279 442 0.649392
279 505 0.620603
279 516 0.7012
279 541 0.676301
279 589 0.740634
279 639 0.74163
279 677 0.704899
279 722 0.670025
279 731 0.646813
279 763 0.644757
279 1073 0.647658
280 333 0.858286
280 395 0.726157
280 558 0.808434
280 559 0.797069
280 685 0.675511
280 798 0.933143
280 946 0.620485
281 288 0.688293
281 305 0.750826
281 316 0.899558
281 353 0.758242
281 365 0.621582
281 368 0.844191
281 388 0.69014
281 400 0.634835
281 411 0.676035
281 473 0.757075
281 476 0.648311
281 513 0.604622
281 534 0.785812
281 556 0.778859
281 560 0.885743
281 562 0.638002
281 577 0.779379
281 654 0.838833
281 732 0.622527
281 733 0.646069
281 782 0.705466
281 783 0.648314
281 883 0.612396
281 945 0.68728
281 977 0.637248
282 328 0.731695
282 433 0.925692
282 438 0.870951
282 623 0.768418
282 688 0.932881
282 741 0.601616
282 750 0.749209
282 905 0.819544
282 1023 0.92425
284 432 0.696412
284 442 0.610881
284 470 0.726707
284 505 0.624331
284 511 0.728405
284 532 0.673795
284 538 0.605045
284 583 0.677013
284 592 0.610099
284 639 0.671346
284 651 0.638696
284 690 0.619435
284 719 0.612254
284 722 0.673916
284 731 0.680908
284 753 0.690163
284 754 0.66014
284 763 0.764565
284 766 0.78197
284 774 0.618957
284 784 0.697959
284 840 0.635765
284 843 0.65357
284 959 0.654852
284 987 0.717844
284 1073 0.652321
285 331 0.619489
285 360 0.644178
285 459 0.942174
285 492 0.652303
285 528 0.860149
285 553 0.806304
285 576 0.660453
285 646 0.847978
285 748 0.764316
285 886 0.60749
285 933 0.770335
285 988 0.601976
285 1017 0.753691
285 1053 0.631245
287 440 0.605129
288 352 0.681458
288 353 0.932527
288 363 0.640388
288 364 0.652467
288 400 0.898348
288 473 0.859578
288 476 0.749011
288 513 0.838226
288 534 0.6464
288 556 0.685783
288 560 0.678008
288 616 0.748118
288 654 0.756263
288 792 0.673688
288 879 0.654361
288 883 0.841252
288 956 0.823624
288 1015 0.719866
288 1060 0.66894
291 294 0.646619
291 367 0.702257
291 389 0.77334
291 399 0.601919
291 415 0.755163
291 427 0.69024
291 444 0.711348
291 643 0.772783
291 714 0.626366
291 727 0.62262
291 820 0.607661
291 882 0.657408
291 1014 0.705806
291 1061 0.698395
291 1073 0.617706
294 389 0.710614
294 415 0.67525
294 432 0.619657
294 442 0.789372
294 444 0.61824
294 585 0.620917
294 643 0.652956
294 727 0.62313
294 840 0.615015
294 1073 0.713242
295 315 0.638199
295 320 0.723504
295 377 0.744325
295 470 0.611973
295 511 0.698104
295 538 0.77981
295 763 0.611362
295 784 0.692252
295 911 0.613361
295 985 0.650049
295 986 0.671473
295 987 0.7389
298 381 0.80843
298 554 0.636143
298 1007 0.83663
298 1067 0.85249
299 1072 0.62533
300 851 0.671044
300 856 0.718865
303 590 0.836017
303 780 0.705964
304 357 0.61204
304 371 0.625228
304 432 0.600048
304 462 0.746282
304 505 0.614519
304 566 0.665214
304 567 0.776446
304 581 0.678383
304 690 0.683681
304 722 0.60845
304 744 0.724158
304 774 0.601243
304 790 0.637225
304 840 0.672027
304 1018 0.611007
305 316 0.767969
305 353 0.615722
305 362 0.619261
305 368 0.666678
305 411 0.615014
305 473 0.692399
305 476 0.695771
305 534 0.686817
305 556 0.828778
305 560 0.85882
305 574 0.701365
305 577 0.910992
305 654 0.602006
305 691 0.671138
305 733 0.628135
305 756 0.775996
305 769 0.680668
305 782 0.703765
305 783 0.668009
305 814 0.775261
305 850 0.780495
305 874 0.789416
305 945 0.758798
305 977 0.738548
305 981 0.602106
305 1069 0.660536
306 706 0.607817
311 503 0.615267
311 522 0.691719
311 525 0.627935
311 531 0.653605
311 605 0.722354
311 613 0.645794
311 635 0.647739
311 679 0.619801
311 684 0.713702
311 692 0.627104
311 740 0.645571
311 769 0.668504
311 841 0.668934
311 976 0.701266
311 1039 0.694261
311 1058 0.600698
312 347 0.735965
312 371 0.656753
312 442 0.605529
312 444 0.623443
312 480 0.722617
312 727 0.612824
312 744 0.622184
312 755 0.72782
312 766 0.612456
312 828 0.706719
312 840 0.613032
315 460 0.653018
315 465 0.608632
315 470 0.731029
315 538 0.667393
315 751 0.751294
315 784 0.612954
315 985 0.696378
315 987 0.773274
316 353 0.616314
316 365 0.670985
316 368 0.804504
316 388 0.656215
316 411 0.630438
316 473 0.649758
316 476 0.6383
316 534 0.684244
316 556 0.732332
316 560 0.833891
316 562 0.679499
316 577 0.76542
316 647 0.643678
316 654 0.75542
316 732 0.670907
316 782 0.71247
316 783 0.684278
316 850 0.625316
316 874 0.69486
316 945 0.729907
316 977 0.739746
316 981 0.656475
316 1010 0.673606
318 935 0.626188
318 1057 0.630671
319 1056 0.705261
320 413 0.634688
320 432 0.743085
320 460 0.613231
320 470 0.725745
320 482 0.777604
320 511 0.839457
320 538 0.815038
320 550 0.81546
320 551 0.844818
320 583 0.776215
320 592 0.621347
320 600 0.793557
320 639 0.63027
320 713 0.709935
320 731 0.659696
320 763 0.619156
320 784 0.737394
320 959 0.784096
320 985 0.706714
320 987 0.72459
322 550 0.693717
322 551 0.689752
322 600 0.701904
322 982 0.713936
323 700 0.626356
323 735 0.71718
323 756 0.637425
323 848 0.66513
325 433 0.639728
325 572 0.641333
325 615 0.665904
325 623 0.716768
325 680 0.633703
325 741 0.699601
325 898 0.65567
325 905 0.766144
325 1044 0.864337
326 450 0.645315
326 451 0.644307
327 870 0.630839
328 433 0.676831
328 438 0.688464
328 688 0.71543
328 750 0.643594
328 1023 0.654512
330 1035 0.619613
331 553 0.604856
331 646 0.615989
331 988 0.745374
332 541 0.772482
332 589 0.699282
332 639 0.71315
333 395 0.743341
333 558 0.861923
333 559 0.871337
333 798 0.844251
337 338 0.97173
337 383 0.662115
338 383 0.627093
340 361 0.636295
340 637 0.605902
340 889 0.604237
340 1037 0.623806
341 922 0.63387
342 464 0.704442
342 537 0.64295
342 633 0.68737
342 813 0.840532
342 957 0.652223
345 508 0.624183
345 908 0.601539
345 1002 0.649007
348 355 0.748078
348 370 0.601757
348 504 0.613719
348 694 0.611844
348 718 0.711364
348 777 0.617894
348 989 0.696304
348 990 0.676788
348 1066 0.707581
350 420 0.720449
350 511 0.761236
350 538 0.617335
350 639 0.687297
350 751 0.638092
350 784 0.750548
350 987 0.67326
350 988 0.621925
351 389 0.688554
351 415 0.759829
351 432 0.62633
351 566 0.661463
351 643 0.672237
351 877 0.620361
351 882 0.682127
351 897 0.600878
351 1014 0.641462
352 363 0.838
352 364 0.85754
352 513 0.699691
352 556 0.72793
352 577 0.60532
352 616 0.614629
352 654 0.685476
352 945 0.696775
352 956 0.667135
352 1015 0.841087
353 368 0.70768
353 400 0.95031
353 411 0.80473
353 473 0.945143
353 476 0.830448
353 513 0.747463
353 534 0.748191
353 556 0.681743
353 560 0.748637
353 577 0.626136
353 616 0.668759
353 654 0.744749
353 792 0.812893
353 879 0.751326
353 883 0.851473
353 945 0.606003
353 956 0.72144
353 1060 0.755484
354 564 0.629212
354 620 0.747184
354 657 0.630119
354 711 0.705319
355 488 0.716776
355 504 0.632172
355 718 0.751152
355 913 0.616165
355 990 0.627875
355 1066 0.62098
356 917 0.658083
357 432 0.679104
357 462 0.730886
357 470 0.711965
357 505 0.720397
357 516 0.895454
357 567 0.630253
357 583 0.639605
357 592 0.737393
357 599 0.70426
357 659 0.610363
357 677 0.694995
357 690 0.770707
357 701 0.663086
357 713 0.629632
357 719 0.695571
357 722 0.801219
357 763 0.602001
357 774 0.750406
357 790 0.758232
357 843 0.704811
357 881 0.705617
357 959 0.606209
357 1018 0.863958
357 1068 0.695933
359 768 0.608626
360 459 0.691595
360 528 0.767714
360 545 0.610181
360 553 0.802871
360 646 0.681415
360 804 0.673923
360 816 0.742115
360 886 0.719057
360 1017 0.64749
361 871 0.616892
361 1037 0.744728
362 365 0.6262
362 387 0.644119
362 522 0.705736
362 534 0.71218
362 556 0.70694
362 560 0.701769
362 577 0.6951
362 605 0.666975
362 740 0.618267
362 769 0.70967
362 917 0.655594
362 976 0.602057
362 977 0.702175
362 1021 0.635967
363 364 0.969644
363 513 0.609777
363 945 0.664919
363 956 0.681934
363 1015 0.925805
364 513 0.662488
364 654 0.604048
364 945 0.615035
364 956 0.657766
364 1015 0.922182
365 368 0.678994
365 457 0.628152
365 534 0.610979
365 560 0.641745
365 647 0.67698
365 849 0.707245
365 947 0.600161
365 948 0.601791
365 981 0.681002
365 1010 0.648658
365 1076 0.623417
366 504 0.665935
366 718 0.723521
366 867 0.638262
366 990 0.668418
366 1066 0.68077
367 389 0.623012
367 415 0.655783
367 421 0.688706
367 643 0.688209
367 840 0.629263
367 1073 0.638512
368 388 0.659556
368 411 0.679594
368 473 0.718997
368 476 0.620043
368 534 0.685714
368 556 0.69816
368 560 0.80785
368 577 0.690061
368 647 0.617564
368 654 0.661972
368 732 0.603021
368 733 0.676965
368 782 0.74614
368 783 0.710212
368 945 0.66732
368 1010 0.600142
370 431 0.623294
370 519 0.654617
370 610 0.658461
370 859 0.69738
370 893 0.622965
370 963 0.630358
370 989 0.630583
371 389 0.616279
371 444 0.657471
371 566 0.625033
371 567 0.712169
371 622 0.60787
371 690 0.61151
371 727 0.656197
371 744 0.703484
371 840 0.645728
371 1002 0.621696
371 1073 0.688643
373 665 0.727095
374 578 0.656443
374 593 0.741286
374 1046 0.661259
377 413 0.7658
377 585 0.73041
377 986 0.988324
378 417 0.608549
378 464 0.686232
378 572 0.632577
378 896 0.664559
378 993 0.639534
380 687 0.64847
380 733 0.670301
380 850 0.645137
381 1007 0.828835
381 1067 0.911036
382 750 0.606121
383 570 0.768432
383 572 0.618788
383 623 0.606305
383 680 0.70954
383 741 0.626614
384 386 0.695059
384 405 0.730508
384 437 0.915079
384 625 0.674182
384 870 0.606864
384 1003 0.630739
384 1027 0.625304
384 1034 0.648279
384 1071 0.903566
385 386 0.943597
385 598 0.657461
385 703 0.64966
385 1034 0.820806
385 1071 0.745078
386 598 0.671422
386 1034 0.848866
386 1071 0.855889
387 522 0.645801
387 605 0.689867
387 740 0.723194
387 756 0.607772
387 757 0.642202
387 758 0.637455
387 769 0.682478
387 917 0.75541
387 977 0.62199
387 1021 0.651584
388 560 0.626038
388 950 0.609678
389 415 0.804118
389 427 0.811098
389 432 0.609601
389 442 0.711279
389 444 0.804617
389 585 0.671315
389 643 0.761604
389 727 0.646556
389 785 0.614144
389 877 0.630906
389 1014 0.617887
389 1025 0.628344
389 1061 0.706872
389 1073 0.690872
390 415 0.703326
390 439 0.617421
390 442 0.624767
392 654 0.603748
393 439 0.70105
393 653 0.61309
393 1030 0.953596
394 613 0.63226
395 558 0.751316
395 559 0.765678
395 798 0.759652
396 476 0.611142
396 683 0.602238
396 945 0.610777
397 431 0.635195
397 495 0.604503
397 737 0.781026
397 1053 0.610191
399 532 0.631181
399 1073 0.626482
400 411 0.712724
400 473 0.872228
400 476 0.766718
400 513 0.707045
400 534 0.636398
400 560 0.623701
400 616 0.636653
400 654 0.633548
400 792 0.772525
400 879 0.703588
400 883 0.814123
400 956 0.708083
400 1060 0.692995
403 674 0.657303
405 437 0.678814
405 584 0.677369
405 870 0.690879
407 479 0.624476
407 529 0.605832
407 694 0.640011
407 709 0.631151
407 913 0.662631
407 963 0.608685
407 989 0.662388
410 833 0.688743
411 473 0.850334
411 476 0.767693
411 534 0.83479
411 560 0.706149
411 647 0.625233
411 792 0.89922
411 879 0.781038
411 883 0.711409
411 1060 0.76113
412 657 0.615386
412 838 0.650305
413 482 0.610563
413 511 0.711856
413 538 0.633566
413 541 0.651546
413 551 0.632088
413 583 0.631279
413 585 0.763047
413 600 0.631562
413 784 0.611458
413 897 0.610257
413 959 0.646075
413 986 0.758738
414 452 0.606774
415 432 0.631217
415 442 0.657199
415 444 0.712601
415 643 0.714584
415 714 0.608904
415 727 0.604996
415 840 0.616087
415 1014 0.617916
415 1061 0.620603
415 1073 0.630017
417 457 0.679808
417 519 0.629016
417 570 0.605965
417 572 0.628941
417 596 0.650234
417 633 0.637814
417 768 0.653539
417 813 0.646937
417 849 0.602351
417 935 0.679733
417 957 0.732619
417 1011 0.662433
417 1031 0.763472
417 1033 0.722082
417 1038 0.613498
417 1076 0.732041
418 682 0.615688
419 578 0.790557
419 599 0.614525
419 644 0.813664
419 659 0.915291
419 1020 0.661224
419 1046 0.87654
420 784 0.623945
421 444 0.670427
421 532 0.625819
421 821 0.607742
421 1073 0.644436
427 444 0.744832
427 539 0.702967
427 585 0.635621
427 643 0.768367
427 785 0.677252
427 820 0.625589
427 1061 0.710884
427 1073 0.64416
427 1080 0.62908
429 470 0.609365
429 614 0.75877
429 755 0.61154
429 784 0.621358
429 840 0.650647
429 916 0.669469
429 959 0.602406
430 464 0.668539
430 499 0.615366
430 652 0.658248
430 694 0.661068
431 519 0.602688
432 442 0.695855
432 444 0.60508
432 462 0.618456
432 470 0.863148
432 482 0.637498
432 511 0.783506
432 516 0.624533
432 538 0.616102
432 550 0.600826
432 566 0.780343
432 567 0.63096
432 583 0.781292
432 585 0.691954
432 592 0.737534
432 639 0.635568
432 690 0.743858
432 701 0.68967
432 713 0.653968
432 719 0.637406
432 722 0.760328
432 744 0.679225
432 751 0.611023
432 763 0.640242
432 774 0.770216
432 784 0.731338
432 829 0.676667
432 840 0.713541
432 843 0.765091
432 882 0.607147
432 897 0.67716
432 919 0.657363
432 959 0.765138
432 985 0.625917
432 987 0.744472
432 1073 0.706772
433 438 0.808898
433 623 0.896664
433 680 0.620271
433 688 0.960113
433 741 0.795591
433 750 0.66284
433 905 0.925828
433 1023 0.894943
433 1044 0.62273
436 605 0.606713
436 684 0.60533
436 692 0.605944
436 976 0.62104
437 625 0.698134
437 705 0.648991
437 747 0.607517
437 870 0.628293
437 1003 0.606855
437 1027 0.667162
437 1071 0.746336
438 688 0.865134
438 750 0.785004
438 905 0.600449
438 1023 0.872366
439 706 0.686793
439 1030 0.632994
441 526 0.787967
441 608 0.811076
441 698 0.783198
441 699 0.73329
441 999 0.992422
441 1000 0.991536
442 444 0.665738
442 470 0.618892
442 511 0.636668
442 532 0.631627
442 567 0.634254
442 585 0.698273
442 690 0.607375
442 722 0.66337
442 744 0.637468
442 774 0.634784
442 785 0.631845
442 838 0.610363
442 840 0.632002
442 1073 0.66702
444 532 0.695829
444 585 0.739898
444 643 0.621947
444 853 0.666033
444 1073 0.638042
446 948 0.670215
446 1033 0.600388
446 1038 0.636813
447 749 0.604572
449 908 0.606885
450 614 0.664336
452 1069 0.668343
456 555 0.645587
456 990 0.648986
456 1066 0.658567
457 519 0.627622
457 572 0.70016
457 596 0.662682
457 615 0.856079
457 617 0.848805
457 759 0.831788
457 824 0.662359
457 825 0.769756
457 826 0.693354
457 849 0.702286
457 896 0.639635
457 935 0.694967
457 948 0.898911
457 993 0.650982
457 1006 0.692195
457 1011 0.800729
457 1031 0.702262
457 1033 0.895267
457 1038 0.825731
457 1076 0.862557
459 492 0.631521
459 528 0.855901
459 553 0.78032
459 576 0.65354
459 646 0.820749
459 748 0.770237
459 886 0.638606
459 933 0.757669
459 1017 0.764995
459 1053 0.641889
460 470 0.616631
460 482 0.601865
460 538 0.716144
460 778 0.620861
460 784 0.637591
460 985 0.700821
460 987 0.688718
462 470 0.608689
462 505 0.760112
462 516 0.748009
462 567 0.76503
462 581 0.700206
462 599 0.686691
462 690 0.664009
462 701 0.692977
462 719 0.609673
462 722 0.761691
462 744 0.696173
462 774 0.698667
462 790 0.757881
462 817 0.603138
462 881 0.798659
462 1018 0.795644
462 1068 0.639342
463 567 0.641524
463 585 0.620159
463 897 0.648748
464 813 0.674128
464 957 0.600496
465 471 0.692949
465 592 0.607889
465 751 0.762172
465 784 0.62743
465 794 0.775954
465 964 0.841354
466 1055 0.64992
468 520 0.601478
468 700 0.658035
468 753 0.701109
468 801 0.606702
470 482 0.708293
470 511 0.825981
470 516 0.704576
470 538 0.750047
470 550 0.681923
470 551 0.651854
470 566 0.628248
470 567 0.633642
470 583 0.873266
470 585 0.642659
470 592 0.771755
470 639 0.624966
470 690 0.817593
470 701 0.657253
470 713 0.749767
470 719 0.657812
470 722 0.810157
470 731 0.615076
470 751 0.741053
470 763 0.702517
470 766 0.629863
470 774 0.774583
470 784 0.773111
470 828 0.600544
470 840 0.786834
470 843 0.696536
470 897 0.60311
470 959 0.843462
470 985 0.750881
470 987 0.891132
470 1018 0.614438
470 1073 0.618904
471 751 0.600166
471 794 0.777141
471 964 0.741743
473 476 0.877953
473 513 0.663293
473 534 0.810789
473 556 0.747157
473 560 0.794529
473 577 0.699271
473 616 0.647618
473 654 0.701613
473 691 0.63762
473 733 0.636607
473 782 0.625049
473 792 0.859285
473 879 0.754158
473 883 0.856534
473 945 0.658262
473 956 0.668418
473 1060 0.772837
476 534 0.727375
476 556 0.768136
476 560 0.75998
476 577 0.725258
476 616 0.64227
476 691 0.618714
476 756 0.617006
476 792 0.766122
476 879 0.679581
476 883 0.790592
476 945 0.726341
476 956 0.605005
476 1060 0.690497
479 544 0.602706
479 561 0.654377
479 989 0.688651
480 706 0.648506
481 541 0.611492
481 585 0.650076
481 590 0.655885
482 510 0.606587
482 511 0.832727
482 538 0.907397
482 550 0.812245
482 551 0.797023
482 583 0.798749
482 589 0.665943
482 592 0.697651
482 600 0.779877
482 639 0.750866
482 642 0.787327
482 713 0.623111
482 731 0.879643
482 784 0.687221
482 959 0.797709
482 985 0.719216
482 987 0.664152
487 574 0.622565
487 740 0.603089
488 949 0.632754
489 549 0.643574
491 539 0.603239
492 528 0.622834
493 815 0.633128
493 927 0.680062
493 931 0.681824
493 962 0.615322
497 498 0.851431
498 507 0.632462
498 512 0.649097
499 856 0.616923
499 957 0.615668
501 639 0.641857
503 642 0.687553
504 718 0.771891
504 867 0.702196
504 990 0.797046
504 1066 0.79994
505 516 0.765347
505 567 0.632433
505 581 0.684281
505 583 0.658752
505 592 0.611156
505 690 0.686651
505 701 0.619615
505 719 0.618376
505 722 0.769996
505 763 0.702583
505 766 0.606402
505 774 0.642337
505 790 0.803745
505 881 0.641556
505 959 0.641986
505 1018 0.654231
505 1019 0.655595
508 520 0.604864
508 888 0.61082
508 908 0.637307
509 1058 0.625878
510 642 0.705536
510 985 0.615966
511 532 0.622103
511 538 0.859922
511 541 0.698063
511 548 0.618844
511 550 0.775853
511 551 0.828965
511 583 0.884614
511 585 0.742326
511 589 0.681978
511 592 0.691988
511 600 0.721571
511 639 0.784227
511 690 0.672678
511 713 0.689564
511 717 0.664048
511 722 0.609416
511 731 0.785118
511 751 0.62827
511 763 0.796069
511 784 0.883384
511 838 0.715063
511 897 0.620736
511 959 0.878283
511 985 0.645926
511 987 0.827973
511 988 0.62704
511 1073 0.616808
512 858 0.672848
513 556 0.627931
513 560 0.611381
513 616 0.649407
513 654 0.673704
513 708 0.606451
513 883 0.712552
513 956 0.677957
513 1015 0.676185
513 1060 0.646231
514 569 0.70114
514 663 0.780096
514 746 0.725297
516 567 0.709994
516 583 0.636501
516 592 0.648849
516 599 0.682582
516 622 0.60404
516 659 0.636584
516 677 0.783364
516 690 0.80117
516 701 0.672921
516 713 0.63308
516 719 0.727254
516 722 0.820322
516 763 0.736459
516 766 0.664058
516 774 0.776027
516 790 0.777279
516 843 0.623191
516 881 0.642188
516 959 0.627952
516 1018 0.848725
516 1068 0.665801
517 599 0.720734
517 1068 0.665263
519 561 0.61737
519 572 0.732268
519 596 0.643691
519 669 0.702435
519 729 0.664873
519 859 0.642246
519 893 0.787572
519 896 0.700773
519 935 0.781967
519 957 0.647184
519 962 0.718542
519 963 0.620255
519 993 0.660766
519 997 0.61916
519 1031 0.7619
519 1033 0.737004
519 1038 0.798791
519 1047 0.608973
521 780 0.642383
522 531 0.90312
522 534 0.606547
522 556 0.697962
522 577 0.71515
522 605 0.956157
522 613 0.804396
522 632 0.689442
522 635 0.730788
522 672 0.643981
522 691 0.620934
522 692 0.647907
522 740 0.909341
522 757 0.80344
522 769 0.830692
522 841 0.811318
522 945 0.645362
522 966 0.601456
522 976 0.857301
522 977 0.804458
522 979 0.615906
522 981 0.667878
522 1021 0.771282
522 1039 0.814294
524 767 0.61545
525 1058 0.638143
526 608 0.804632
526 881 0.680901
526 999 0.792504
526 1000 0.80938
527 780 0.640712
527 848 0.6495
528 545 0.653726
528 553 0.940563
528 646 0.814633
528 748 0.655784
528 804 0.676551
528 816 0.750032
528 886 0.649849
528 933 0.720724
528 973 0.614677
528 1017 0.73188
528 1053 0.613933
529 573 0.613635
529 660 0.600773
529 963 0.771306
530 880 0.690578
530 933 0.700399
530 934 0.741392
530 944 0.63092
530 1017 0.643109
531 605 0.855541
531 613 0.790991
531 635 0.641818
531 692 0.627926
531 740 0.769336
531 757 0.772881
531 769 0.764993
531 788 0.60647
531 841 0.705022
531 976 0.839646
531 977 0.753478
531 981 0.608031
531 1021 0.742204
531 1039 0.747421
532 567 0.603947
532 586 0.685631
532 622 0.632733
532 651 0.654115
532 657 0.600571
532 763 0.68093
532 766 0.655876
532 784 0.62435
532 838 0.602897
532 840 0.630141
532 959 0.605584
532 969 0.628379
532 1073 0.672939
534 556 0.74719
534 560 0.847913
534 577 0.733271
534 654 0.683966
534 675 0.668199
534 733 0.633424
534 792 0.816768
534 879 0.661631
534 883 0.742173
534 1060 0.782032
536 675 0.626866
537 813 0.711287
538 550 0.760298
538 551 0.75164
538 583 0.781201
538 600 0.718144
538 639 0.656707
538 642 0.72956
538 713 0.60375
538 731 0.806134
538 751 0.645735
538 763 0.637302
538 784 0.778761
538 959 0.778359
538 985 0.82057
538 987 0.801003
538 988 0.656623
539 711 0.656297
539 848 0.639275
539 1080 0.613068
541 585 0.63522
541 589 0.826189
541 639 0.808598
541 731 0.651833
541 763 0.670877
543 562 0.708328
543 647 0.666949
543 783 0.601496
543 800 0.876198
543 950 0.665407
543 1010 0.782268
543 1050 0.788633
544 989 0.65406
545 553 0.796194
545 886 0.619237
545 973 0.639068
545 1053 0.73016
548 583 0.643284
548 585 0.621506
548 784 0.625143
548 897 0.614113
548 959 0.642901
550 551 0.965969
550 583 0.785607
550 592 0.637216
550 600 0.938
550 642 0.668139
550 731 0.636797
550 784 0.61041
550 959 0.764377
550 982 0.699715
550 985 0.661453
550 987 0.657374
551 583 0.777501
551 592 0.619572
551 600 0.925362
551 639 0.613376
551 731 0.65997
551 784 0.650256
551 959 0.771178
551 982 0.690872
551 987 0.66007
552 578 0.741368
552 1020 0.642528
552 1068 0.61798
553 646 0.76628
553 804 0.65954
553 816 0.744748
553 886 0.727079
553 933 0.632175
553 973 0.669417
553 1017 0.663843
553 1053 0.701382
554 1067 0.635325
555 922 0.63471
555 924 0.606043
556 560 0.885429
556 577 0.917434
556 616 0.663288
556 654 0.694018
556 675 0.669662
556 691 0.663696
556 733 0.647541
556 756 0.676313
556 769 0.634632
556 782 0.661787
556 814 0.690394
556 850 0.623622
556 883 0.742064
556 945 0.828751
556 977 0.745669
557 574 0.649744
557 756 0.663883
557 814 0.624249
558 559 0.980281
558 798 0.830511
559 798 0.820083
560 577 0.861785
560 647 0.608262
560 654 0.718151
560 675 0.707381
560 733 0.75636
560 756 0.653981
560 768 0.686184
560 782 0.735775
560 783 0.6685
560 792 0.609697
560 814 0.653349
560 850 0.615443
560 883 0.729329
560 945 0.726732
560 977 0.671357
560 1060 0.673602
561 957 0.762376
561 962 0.682811
562 782 0.611211
562 783 0.636174
562 800 0.681388
562 950 0.611215
562 1050 0.772011
563 637 0.647339
564 657 0.710945
565 960 0.65579
566 567 0.681764
566 643 0.633275
566 690 0.624309
566 744 0.686409
566 774 0.659189
566 785 0.608762
566 829 0.631736
566 840 0.662688
566 843 0.651033
566 882 0.758016
566 919 0.696672
566 1073 0.736299
567 585 0.60616
567 599 0.66184
567 622 0.638099
567 690 0.744431
567 719 0.628545
567 722 0.725849
567 744 0.680541
567 755 0.60326
567 774 0.654543
567 785 0.661321
567 840 0.672512
567 843 0.607721
567 1018 0.653553
567 1068 0.609088
567 1073 0.738417
569 663 0.687329
569 746 0.648448
570 572 0.691347
570 615 0.638338
570 617 0.672204
570 647 0.628895
570 687 0.623901
570 768 0.642359
570 824 0.642875
570 825 0.679923
570 826 0.631378
570 1011 0.633252
570 1076 0.723731
572 615 0.779599
572 617 0.676934
572 729 0.737534
572 734 0.760128
572 825 0.628556
572 893 0.701448
572 896 0.74249
572 935 0.74894
572 948 0.691667
572 954 0.665983
572 957 0.642852
572 962 0.644801
572 993 0.841712
572 1031 0.714851
572 1033 0.795292
572 1038 0.696434
572 1044 0.725741
572 1047 0.602079
572 1052 0.637824
572 1076 0.67556
573 893 0.606129
574 756 0.831704
574 783 0.600217
574 814 0.813771
574 850 0.732548
574 860 0.733547
574 874 0.670421
574 1069 0.810879
576 748 0.674276
576 933 0.614618
577 605 0.614508
577 654 0.653761
577 672 0.625564
577 691 0.699387
577 733 0.605457
577 740 0.611431
577 756 0.701978
577 769 0.696479
577 782 0.682597
577 783 0.639204
577 814 0.701054
577 850 0.701976
577 874 0.678689
577 883 0.606706
577 945 0.837273
577 977 0.79089
577 1039 0.617646
578 593 0.667818
578 644 0.749337
578 659 0.735148
578 738 0.720081
578 1020 0.696556
578 1046 0.846267
578 1068 0.611652
579 745 0.628423
581 601 0.645681
581 690 0.654914
581 735 0.622704
581 790 0.796321
581 881 0.79743
581 1018 0.64647
583 585 0.65641
583 592 0.757056
583 600 0.748705
583 639 0.63028
583 642 0.644906
583 690 0.790862
583 713 0.702178
583 722 0.700149
583 731 0.701602
583 763 0.753015
583 774 0.675395
583 784 0.787038
583 840 0.702744
583 959 0.991748
583 985 0.757067
583 987 0.866761
585 620 0.607726
585 690 0.614169
585 722 0.659893
585 763 0.620601
585 784 0.662105
585 838 0.602566
585 897 0.734511
585 959 0.662953
585 986 0.739776
585 1073 0.62443
586 980 0.632168
586 1073 0.646992
589 592 0.630331
589 639 0.850498
589 731 0.750998
589 763 0.661384
590 780 0.650001
592 639 0.764561
592 690 0.634145
592 701 0.634362
592 713 0.659568
592 722 0.628844
592 731 0.635017
592 751 0.648686
592 763 0.648646
592 774 0.611915
592 784 0.620862
592 790 0.657381
592 959 0.724833
592 987 0.710898
593 644 0.615914
593 1046 0.8421
594 645 0.650523
594 827 0.613968
594 880 0.719951
594 935 0.608146
594 944 0.727158
596 615 0.611786
596 617 0.605409
596 825 0.651367
596 935 0.685331
596 948 0.636082
596 957 0.603025
596 1033 0.662491
596 1076 0.60734
598 780 0.784519
598 1034 0.925087
598 1071 0.698263
599 659 0.77268
599 690 0.662356
599 701 0.611981
599 719 0.710093
599 722 0.687006
599 744 0.630174
599 774 0.725316
599 828 0.610359
599 843 0.686574
599 881 0.645113
599 1018 0.856828
599 1068 0.791155
600 642 0.663286
600 731 0.62543
600 959 0.756073
600 982 0.734314
600 985 0.622614
601 719 0.613763
601 743 0.878501
601 790 0.618533
601 881 0.762451
601 1018 0.638376
604 703 0.683084
605 613 0.825233
605 632 0.733307
605 635 0.763529
605 672 0.643145
605 692 0.679498
605 740 0.969179
605 757 0.862978
605 769 0.835495
605 819 0.604077
605 841 0.768124
605 976 0.871617
605 977 0.761789
605 979 0.64189
605 981 0.723169
605 1021 0.775315
605 1039 0.7665
606 647 0.64243
606 1010 0.646175
608 999 0.803512
608 1000 0.837206
610 859 0.713472
612 1020 0.760206
613 635 0.669993
613 740 0.737804
613 757 0.706945
613 769 0.734846
613 841 0.666835
613 976 0.784239
613 977 0.687997
613 981 0.630387
613 1021 0.648446
613 1039 0.705698
614 620 0.632528
614 916 0.620155
615 617 0.854251
615 759 0.813501
615 824 0.666837
615 825 0.728914
615 826 0.692407
615 849 0.647589
615 923 0.606379
615 935 0.766839
615 948 0.780103
615 993 0.731526
615 1006 0.693161
615 1011 0.738232
615 1031 0.691058
615 1033 0.84054
615 1038 0.762308
615 1076 0.876169
616 883 0.743243
616 956 0.672378
616 1015 0.664407
617 759 0.741069
617 824 0.785232
617 825 0.814478
617 826 0.742382
617 849 0.709947
617 948 0.815268
617 993 0.617749
617 1011 0.688651
617 1033 0.778436
617 1038 0.677756
617 1076 0.81652
620 657 0.676417
620 711 0.700412
620 787 0.716785
620 972 0.609582
621 676 0.85234
622 651 0.660053
622 766 0.650853
622 821 0.628948
623 680 0.710472
623 688 0.830001
623 741 0.848899
623 898 0.696884
623 905 0.928609
623 1023 0.70638
623 1044 0.653551
625 1003 0.633284
630 633 0.622158
632 740 0.748402
632 757 0.657378
632 976 0.619018
633 813 0.774232
633 957 0.656835
635 672 0.622589
635 692 0.646192
635 740 0.697521
635 769 0.700677
635 841 0.685053
635 976 0.712837
635 1039 0.704168
637 871 0.697457
637 1037 0.643609
639 731 0.823993
639 763 0.750585
639 784 0.650228
639 959 0.62181
641 1003 0.916564
642 684 0.688381
642 731 0.700006
642 916 0.628362
642 959 0.646254
642 985 0.734889
643 714 0.751136
643 727 0.624418
643 785 0.622967
643 882 0.708794
643 980 0.61877
643 1014 0.786885
643 1035 0.661556
643 1061 0.795014
643 1073 0.68237
644 659 0.803829
644 738 0.686209
644 1046 0.831609
645 880 0.702139
645 944 0.705566
647 981 0.753635
647 1010 0.962955
647 1039 0.622352
648 908 0.602705
651 763 0.663867
651 766 0.679389
652 694 0.675018
653 685 0.607588
654 883 0.604529
654 945 0.646039
654 956 0.609372
657 711 0.606665
657 761 0.614458
657 763 0.647571
657 838 0.677655
659 677 0.618635
659 738 0.608527
659 755 0.60597
659 1018 0.735246
659 1020 0.605555
659 1046 0.841535
659 1068 0.665268
663 746 0.835319
668 997 0.617794
669 686 0.64581
669 726 0.603549
669 729 0.615802
669 970 0.600903
669 993 0.640629
670 934 0.647867
670 938 0.605699
670 1017 0.610553
672 691 0.60387
672 692 0.674582
672 740 0.602906
672 756 0.625054
672 769 0.749148
672 850 0.674062
672 945 0.632355
672 977 0.750904
675 825 0.695067
675 849 0.624491
679 684 0.611404
679 700 0.600448
680 741 0.713238
680 905 0.696492
680 1044 0.682677
681 846 0.675954
681 913 0.637527
681 931 0.721267
681 1036 0.604786
682 1002 0.621056
684 731 0.614074
685 798 0.716207
685 946 0.715717
686 726 0.802325
686 970 0.803939
688 741 0.710483
688 750 0.806801
688 905 0.839362
688 1023 0.854985
690 701 0.655021
690 713 0.680401
690 719 0.798867
690 722 0.801466
690 744 0.651862
690 763 0.718215
690 766 0.657177
690 774 0.855896
690 784 0.735556
690 790 0.748274
690 828 0.665514
690 840 0.745197
690 843 0.68608
690 919 0.634469
690 959 0.770883
690 987 0.753427
690 1018 0.756199
690 1068 0.60847
691 756 0.65007
691 792 0.600852
691 841 0.731991
691 1039 0.625933
692 749 0.62182
692 769 0.67767
692 976 0.676786
692 1039 0.649294
693 781 0.628231
693 889 0.646231
693 942 0.747895
694 718 0.626625
694 878 0.66937
694 989 0.61564
696 942 0.659052
698 699 0.97546
698 999 0.778729
698 1000 0.7594
699 999 0.72066
699 1000 0.69667
700 749 0.724202
701 722 0.639211
701 774 0.777998
701 790 0.609627
701 840 0.602518
701 881 0.671786
701 1018 0.675703
703 1008 0.665593
704 1006 0.610489
706 806 0.724129
707 838 0.708502
711 823 0.604238
713 717 0.660288
713 763 0.623345
713 784 0.671941
713 843 0.659981
713 897 0.668203
713 959 0.697106
713 987 0.624395
714 980 0.628299
715 894 0.993874
716 771 0.631398
718 867 0.811094
718 990 0.884079
718 1008 0.684461
718 1066 0.878852
719 722 0.878634
719 763 0.619519
719 766 0.680968
719 774 0.726762
719 790 0.612872
719 843 0.715431
719 1018 0.774556
722 744 0.61765
722 763 0.657356
722 766 0.664246
722 774 0.775692
722 790 0.639377
722 840 0.64222
722 843 0.679541
722 881 0.658609
722 959 0.671983
722 987 0.664093
722 1018 0.806248
722 1068 0.633955
726 970 0.763938
727 744 0.603446
727 753 0.654616
727 755 0.644877
727 840 0.611783
727 882 0.607107
727 1073 0.703986
728 851 0.64993
729 880 0.603699
729 893 0.605496
729 896 0.625813
729 935 0.608299
729 951 0.666714
729 962 0.660129
729 993 0.683198
729 1043 0.617355
731 763 0.691098
731 959 0.700979
733 756 0.649103
733 768 0.724893
733 782 0.702977
733 783 0.663862
733 814 0.638845
734 893 0.640624
734 896 0.722833
734 948 0.720226
734 954 0.965946
734 993 0.619235
734 1033 0.649087
738 1046 0.616255
739 769 0.606874
739 977 0.659318
740 757 0.890981
740 769 0.759391
740 841 0.699776
740 917 0.608838
740 976 0.784959
740 977 0.695294
740 979 0.618974
740 981 0.661798
740 1021 0.728295
740 1039 0.671653
741 898 0.748116
741 905 0.831884
741 1023 0.608915
741 1044 0.672101
743 881 0.648957
744 774 0.659533
744 829 0.716557
744 840 0.63468
744 919 0.660104
748 933 0.691602
748 1053 0.600029
750 1023 0.615532
751 784 0.71134
751 964 0.655894
751 987 0.716198
753 801 0.803521
755 828 0.689434
755 840 0.686432
756 769 0.717708
756 814 0.871072
756 850 0.836469
756 860 0.731413
756 874 0.725696
756 977 0.621516
757 769 0.652761
757 841 0.603522
757 917 0.658912
757 976 0.70498
757 977 0.64876
757 1021 0.710616
757 1039 0.600159
758 769 0.728554
758 850 0.63598
758 857 0.608834
758 874 0.624923
758 917 0.60357
758 977 0.621938
758 979 0.605718
759 825 0.607348
759 849 0.639518
759 948 0.755377
759 1006 0.679402
759 1011 0.673705
759 1033 0.744734
759 1038 0.712642
759 1076 0.754946
763 766 0.693303
763 784 0.766817
763 790 0.683037
763 959 0.762087
763 987 0.708793
766 774 0.626447
766 840 0.64923
766 843 0.602845
769 841 0.654863
769 850 0.794589
769 874 0.742489
769 917 0.606921
769 945 0.649919
769 976 0.770323
769 977 0.868809
769 981 0.706912
769 1021 0.641196
769 1039 0.751593
774 784 0.606856
774 790 0.681938
774 828 0.714655
774 840 0.713532
774 843 0.679891
774 881 0.643503
774 919 0.63108
774 959 0.646851
774 987 0.71096
774 1018 0.809817
774 1068 0.627479
776 1080 0.605356
777 822 0.647163
777 922 0.687287
777 989 0.637953
778 955 0.628238
780 1034 0.614924
782 783 0.984521
782 814 0.623561
782 824 0.661973
783 824 0.636956
783 874 0.600266
783 1069 0.614236
784 838 0.735955
784 840 0.602327
784 959 0.778004
784 987 0.841183
784 988 0.606161
785 882 0.64429
785 1073 0.661055
787 1028 0.679482
788 877 0.613192
788 907 0.688381
788 1025 0.711799
788 1072 0.888027
790 881 0.760357
790 1018 0.738516
792 879 0.819613
792 883 0.78751
792 1060 0.802772
794 964 0.788038
794 1056 0.640994
798 946 0.617819
800 950 0.706184
800 1010 0.664332
800 1050 0.763514
804 816 0.650109
804 933 0.606529
806 1003 0.667074
813 1026 0.637351
814 850 0.720125
814 860 0.620608
814 874 0.661059
814 1069 0.63322
815 963 0.620823
819 979 0.64526
822 989 0.600589
822 1029 0.61541
824 825 0.839604
824 826 0.828347
824 849 0.67975
824 948 0.629445
824 1033 0.615262
824 1076 0.634338
825 826 0.893639
825 849 0.730119
825 948 0.713627
825 1006 0.62179
825 1029 0.624608
825 1033 0.741735
825 1076 0.725013
826 849 0.752717
826 1006 0.604329
826 1011 0.639776
826 1033 0.644386
826 1076 0.750981
827 880 0.660803
827 923 0.611017
827 935 0.668771
827 944 0.613537
827 957 0.658823
828 840 0.756131
829 840 0.63236
838 959 0.609384
838 969 0.641656
840 843 0.637184
840 959 0.685251
840 987 0.713999
840 1073 0.655836
841 947 0.625841
841 966 0.649511
841 976 0.71783
841 998 0.648601
841 1039 0.788084
843 1018 0.631549
849 948 0.611103
849 1011 0.712937
849 1076 0.766884
850 860 0.734749
850 874 0.910889
850 945 0.672008
850 977 0.793816
850 981 0.621155
850 1069 0.736994
851 856 0.612544
851 860 0.639041
856 903 0.600644
857 979 0.633572
859 893 0.647353
859 896 0.632002
859 935 0.617863
859 948 0.620912
859 957 0.607385
859 1029 0.652457
859 1052 0.620902
860 874 0.694701
867 990 0.765495
867 1008 0.884733
867 1066 0.753125
870 1003 0.665963
871 942 0.606893
871 1037 0.700712
874 945 0.610608
874 977 0.74471
874 981 0.64884
874 1069 0.723799
876 912 0.606545
877 1025 0.94879
877 1072 0.622068
879 883 0.708366
879 1060 0.755277
880 923 0.648165
880 935 0.601899
880 944 0.845061
880 1043 0.606011
881 1018 0.845146
881 1068 0.601033
882 980 0.601708
882 1014 0.644091
882 1061 0.61109
882 1073 0.682858
883 956 0.682194
883 1060 0.768442
886 1017 0.62738
886 1053 0.710805
889 942 0.868923
889 1037 0.662184
893 896 0.753859
893 935 0.681827
893 948 0.636553
893 954 0.621898
893 957 0.643489
893 962 0.726663
893 963 0.748668
893 997 0.632466
893 1031 0.61897
893 1033 0.652429
893 1038 0.649653
893 1052 0.610317
896 901 0.648902
896 923 0.622374
896 948 0.704329
896 954 0.730517
896 962 0.676654
896 993 0.761991
896 1031 0.635894
896 1033 0.73393
896 1038 0.741164
896 1052 0.657993
898 905 0.668753
901 922 0.605729
905 1023 0.785575
905 1044 0.768589
907 1072 0.611128
913 931 0.638425
913 963 0.60624
913 974 0.740919
913 989 0.649932
917 977 0.638385
917 979 0.64798
920 970 0.606147
922 1029 0.630285
923 993 0.675987
923 1038 0.60537
927 931 0.60248
928 944 0.631588
929 1079 0.771161
931 962 0.668493
931 963 0.617704
931 974 0.621388
933 1017 0.823884
933 1053 0.73656
935 937 0.604802
935 948 0.630688
935 957 0.692568
935 962 0.623999
935 1006 0.613427
935 1011 0.737058
935 1031 0.829371
935 1033 0.739498
935 1038 0.753941
935 1057 0.61702
935 1076 0.759809
942 1037 0.645245
945 956 0.62583
945 977 0.794843
945 1015 0.613829
947 1021 0.612033
948 954 0.667617
948 963 0.627012
948 993 0.638234
948 1006 0.693962
948 1011 0.642887
948 1033 0.875376
948 1038 0.797912
948 1076 0.74459
950 1050 0.620198
951 962 0.664767
951 1031 0.622684
955 960 0.634416
955 987 0.676096
956 1015 0.761439
957 962 0.767706
957 963 0.60117
957 1031 0.653977
957 1033 0.607217
959 985 0.739029
959 987 0.838557
960 1045 0.600827
962 963 0.674967
962 1031 0.717912
973 1053 0.658884
974 989 0.600544
976 977 0.673146
976 981 0.662831
976 1021 0.726462
976 1039 0.738399
977 981 0.769336
977 1021 0.604789
977 1039 0.740977
979 1021 0.634024
980 1035 0.608892
980 1073 0.640967
981 1010 0.768996
981 1021 0.602731
981 1039 0.682123
985 987 0.756759
987 988 0.600911
990 1066 0.97217
993 997 0.622793
993 1031 0.670691
993 1033 0.780813
993 1038 0.7614
993 1052 0.600454
998 1045 0.616587
999 1000 0.990242
1006 1033 0.693663
1006 1038 0.755249
1007 1067 0.829648
1011 1031 0.705336
1011 1033 0.65513
1011 1038 0.682319
1011 1076 0.919454
1014 1061 0.708788
1017 1053 0.653045
1018 1019 0.635219
1018 1068 0.815752
1023 1044 0.604961
1025 1072 0.706398
1031 1033 0.732856
1031 1038 0.77212
1031 1076 0.750447
1033 1038 0.890025
1033 1052 0.631731
1033 1076 0.778934
1034 1071 0.821485
1035 1061 0.686251
1038 1052 0.601214
1038 1076 0.743867
1061 1080 0.655788
