2 3 0.641931
2 78 0.629805
3 49 0.64657
3 50 0.630691
3 53 0.606021
9 15 0.750304
10 11 0.884911
10 12 0.884911
10 13 0.821778
10 16 0.874129
10 17 0.834563
10 19 0.849655
10 21 0.810197
10 22 0.740273
10 23 0.86786
10 24 0.838738
10 37 0.687873
10 38 0.662636
11 12 1
11 13 0.915126
11 16 0.975659
11 17 0.958843
11 19 0.920452
11 21 0.933469
11 22 0.777663
11 23 0.916728
11 24 0.879123
11 37 0.618518
12 13 0.915126
12 16 0.975659
12 17 0.958843
12 19 0.920452
12 21 0.933469
12 22 0.777663
12 23 0.916728
12 24 0.879123
12 37 0.618518
13 16 0.901887
13 17 0.865764
13 19 0.843807
13 21 0.858163
13 22 0.874397
13 23 0.842987
13 24 0.896482
13 36 0.601829
14 25 0.725958
16 17 0.873239
16 19 0.905484
16 21 0.91719
16 22 0.765105
16 23 0.895778
16 24 0.862246
16 37 0.607865
17 19 0.872939
17 21 0.886709
17 22 0.737408
17 23 0.877233
17 24 0.837085
19 21 0.893125
19 22 0.705186
19 23 0.83666
19 24 0.800723
21 22 0.742515
21 23 0.875563
21 24 0.83943
22 23 0.847798
22 24 0.917279
22 36 0.646895
23 24 0.958829
23 37 0.644434
23 38 0.624158
24 36 0.615713
24 37 0.624927
24 38 0.651571
27 28 0.835111
27 29 0.902879
27 30 0.888725
27 31 0.745653
27 32 0.80998
27 33 0.633028
28 29 0.947734
28 30 0.732104
28 31 0.905514
28 32 0.853222
29 30 0.78933
29 31 0.849813
29 32 0.899778
29 33 0.606472
29 35 0.613799
30 31 0.802878
30 32 0.883739
30 33 0.692904
31 32 0.928476
31 33 0.610604
31 35 0.615333
32 33 0.647119
32 35 0.640237
33 34 0.66357
33 35 0.853128
34 35 0.78129
34 69 0.849927
35 69 0.680936
36 37 0.862866
36 38 0.917514
37 38 0.967512
39 40 0.874013
39 41 0.911233
39 42 0.67349
39 63 0.634052
39 64 0.665387
39 65 0.654408
40 41 0.969325
40 62 0.628634
40 64 0.757856
40 65 0.690448
41 62 0.635242
41 64 0.736529
41 65 0.714599
42 43 0.622159
42 44 0.669115
43 44 0.928991
43 70 0.808956
44 70 0.753035
45 46 0.719442
45 47 0.840175
46 47 0.938442
48 49 0.828846
48 50 0.912257
48 51 0.822385
48 52 0.630934
48 53 0.762236
49 50 0.968384
49 51 0.653928
49 52 0.837472
49 53 0.845435
50 51 0.710466
50 52 0.74372
50 53 0.821907
51 52 0.686902
51 53 0.846871
51 54 0.776614
51 55 0.64829
51 56 0.675477
52 53 0.943712
53 54 0.643574
53 55 0.658872
53 56 0.68291
54 55 0.801562
54 56 0.837577
54 72 0.660323
55 56 0.959517
55 72 0.863597
55 78 0.616809
55 84 0.748242
56 72 0.837416
56 84 0.703256
57 58 0.887164
57 79 0.655546
57 85 0.600695
63 64 0.852866
63 65 0.919843
64 65 0.965686
66 67 0.793771
66 68 0.861505
66 71 0.839837
67 68 0.970506
67 71 0.70747
68 71 0.763216
72 84 0.645155
73 79 0.630663
75 81 0.814032
76 82 0.821076
77 83 0.791381
78 84 0.877661
79 85 0.852638
81 82 0.630167
