0 623 1277 1283 1359 1426 1624 1693 2756 2762 3299 3562 3578 3811 4223 4285 4541 4717 5140 5314 5338 5398 5462 5683 5695 6632 6751 6882 6949 7020 7131 7683 7780 9274 9416 9472 10042 10185 10218 10313 11018 
1 713 1038 1773 7174 9781 8425 
2 275 374 4080 5232 6079 6819 8062 9620 10920 
3 832 2090 2101 2276 2324 3567 4006 4605 5231 7119 7555 9082 10447 2153 4026 6281 7012 
4 43 203 212 432 1310 2566 3630 4319 5162 5870 
6 13 2283 2741 4024 6837 7080 7342 10941 
7 2279 5396 6778 7974 9569 
8 3550 3917 4216 4355 4469 4532 5286 5661 6292 6434 6450 7583 8272 8789 10695 478 493 5151 5726 5772 8581 9639 
9 1795 2272 3021 3464 3703 6024 6828 8282 8424 9062 9239 10269 10383 10456 1894 9105 
10 404 1096 2539 3557 4007 6081 6707 7305 7570 7699 7933 8996 9134 9233 9298 9510 10002 10207 
11 817 2068 2666 3870 5028 5777 6430 7687 9951 2208 2568 
12 1841 2008 2674 3820 4667 5183 5625 6288 6376 6551 7711 8361 8822 9573 9874 10189 10359 10969 
15 1151 1167 1307 1318 1469 1524 1853 2751 3209 3872 3873 4185 5270 6087 7157 7565 9653 10213 10528 558 7388 9503 
16 975 2043 2903 3412 4778 8006 8705 10000 2866 7553 10937 
17 622 953 1604 1667 2099 2727 3143 5540 5745 6196 6935 7170 8231 8313 8438 8809 8979 10083 10944 
18 37 485 1645 5003 5473 5577 5879 6276 7208 9209 9373 9869 10391 10405 
19 104 188 375 472 618 822 1072 1682 2091 2140 2399 2443 2494 3259 3528 3626 3754 3756 4260 4553 5073 5405 5417 5527 6317 6521 6657 6729 6890 7920 8250 8377 8399 8666 8823 9336 9364 9444 9910 10573 10690 
20 196 585 984 1045 1207 2022 3225 4380 4538 4701 4788 5222 6046 7866 8980 9408 
21 1259 2939 3241 3521 9224 9371 9935 988 1764 6254 7430 10152 
22 878 2325 4676 5782 7673 7766 9232 9493 10229 1280 2820 3399 4371 5514 9714 7393 
23 96 355 616 687 786 1392 2301 3034 4326 4409 4748 5066 6455 6583 6759 6855 7109 7155 7491 8431 8926 8929 8971 8976 9161 9308 9900 10323 10408 10431 10728 
24 381 1214 1516 1623 2626 3088 3523 4120 5401 7927 7994 9466 9551 10014 10235 10931 
26 639 1527 2245 2291 5069 5308 6145 7910 8048 10665 
28 812 2748 3494 3773 5246 5492 6727 6948 9756 
29 266 1832 1867 2347 3038 3478 3669 3750 4558 5650 6584 8478 8686 9884 10935 
30 81 2240 2317 2418 2570 7453 7538 7651 9009 9084 10731 10893 
31 602 1479 3341 3387 6388 8410 8795 8845 8964 9821 10589 
32 541 1147 4334 4719 4876 5316 7036 7433 7815 8029 8224 8891 8957 9457 9535 9890 10051 10509 10597 
33 38 625 1588 1742 3108 10333 2875 9541 
34 1545 2809 4286 4808 10074 8742 
35 1217 2916 3607 3616 4038 4276 4867 5966 5981 6782 7578 8498 8554 9199 10947 11029 
39 1721 2371 2465 2547 2563 3573 4300 6928 8493 9042 10890 
41 167 244 488 2395 2428 3237 3291 3621 3780 4699 6666 7600 8112 8281 8320 8770 8802 10329 10453 10508 10545 241 2502 4084 5084 5382 6508 6859 8266 
42 135 169 264 1506 2737 2955 3994 4066 6756 6848 7544 8251 8490 8855 9952 10677 
44 1793 1890 3319 3962 4163 5932 6910 7528 10138 1027 2074 3326 3500 
45 1267 4555 5856 6287 7128 7150 9846 10842 10953 
47 458 3953 6170 6319 6322 6544 8225 8357 9574 10340 10820 2617 8582 
48 1704 2228 3364 3931 4657 4966 5834 9635 10047 
49 144 698 1708 2530 2804 4073 5969 7263 7959 8824 10664 770 870 5358 5487 6982 9609 
50 347 739 2066 2182 2403 2857 3898 4113 4388 4814 5123 5956 7217 8039 8757 9368 9656 10539 10620 
52 151 1462 2704 3848 4192 5653 5676 6153 6247 7338 7422 7448 7458 7763 8406 8626 8934 9064 9164 9208 9462 9584 9761 
53 297 1939 2174 3560 3697 4126 4289 5877 6280 6716 7658 8070 8673 8727 8943 9488 9549 9735 10750 
55 548 1154 1912 3471 3704 5074 6780 7153 7824 7830 8615 8687 9619 9963 
56 510 806 1053 1517 1625 2966 6400 6545 6663 9305 10200 10347 10437 
57 774 1097 2619 3169 3757 7181 8372 8572 8861 8974 9114 9343 10327 10903 10942 
58 864 3077 6464 8060 8594 8776 9800 9808 4123 4696 8358 
59 1019 1203 2333 2785 4634 7050 8647 8892 10353 10938 2840 4784 5242 10649 
60 414 1776 2026 2474 4106 4264 5236 5663 7950 8605 8751 8858 8876 9475 9680 9998 10381 10833 1583 2868 3252 8024 8360 10815 
61 1104 3286 3321 5717 6342 6926 7165 7313 10396 10436 10709 
64 889 1863 2063 2639 2702 2884 4290 4366 4700 4885 5136 5381 5826 6089 6318 7337 7373 8933 9256 9782 10365 3889 3913 4232 4618 4975 6285 7411 9135 9144 9167 10282 10406 10513 
67 193 1221 1301 3407 3612 4063 5998 8659 10700 
68 990 1306 1513 1973 3418 8463 9357 
69 1052 2871 7454 7863 8290 8529 9736 9888 9988 10015 10184 
70 2533 3242 5273 6008 8205 9312 9725 
71 325 1922 3862 3980 5213 5835 6851 8223 10961 829 4381 6522 
72 1100 2497 2826 5441 7194 7507 8077 8783 9534 
73 681 1189 1281 2232 3007 3457 4753 4928 6469 8233 9269 9827 3574 5372 
75 3504 10992 
76 178 1055 1320 1435 1777 2137 2437 2747 3401 4205 4420 4514 5119 6507 7487 7669 7735 8068 8353 8375 8407 8555 8685 8766 9276 9456 9710 10029 10260 10948 
77 1224 2882 3451 3827 6131 6172 6977 7187 7955 8298 9727 10459 
79 453 1114 1640 2460 2861 4458 5071 5611 6696 6959 7009 7343 8507 10581 
80 1243 2082 2167 3232 3716 4245 5380 5967 6929 7014 7712 8260 10149 
82 1011 1637 2969 5012 5113 6903 7467 7864 9522 10345 
83 1520 2121 2382 4448 6009 6067 7481 10576 10786 
85 292 513 821 1068 1476 1664 1669 2007 2602 3071 3174 4004 4531 4848 5598 5798 6074 7247 7861 8071 8761 9016 9865 10048 
86 324 1410 1566 2427 2893 3417 3617 5428 6501 8037 8725 9118 9778 9907 9916 10255 2796 4401 5109 7075 9857 
87 1480 1537 3325 3760 5809 6133 6640 7140 7725 8922 9123 9453 9925 9978 10115 10733 10863 
88 94 263 307 352 833 1061 2230 2294 3308 5366 5645 6477 6610 6673 6792 7035 7042 7065 7911 8182 8492 8681 9156 9320 9352 9383 9490 10127 10921 
89 6029 6073 7576 10113 10828 
90 900 1429 1612 2623 3369 3723 4321 4389 4645 4919 6416 6922 7276 7451 8414 9281 9511 10129 10231 10413 1468 1709 2198 3676 5059 5552 7505 8370 11022 11027 
91 148 1182 1418 1622 1934 2280 4049 5897 6242 6315 7205 7372 9254 9424 9746 10220 10300 4030 9949 
92 7278 8159 9158 10441 2865 7548 8485 9319 8928 
93 795 1390 1602 1706 1738 1757 2807 3206 5253 5715 6554 7610 9002 10684 
97 3583 3835 4177 5319 5543 5555 6620 7476 8644 9350 9614 9969 
98 1202 2698 2709 6071 6743 6826 7180 9100 9230 9730 9864 10107 10358 1952 3912 4993 6425 10392 
99 494 1802 2128 5304 7988 8023 8546 8815 9250 9267 9282 9606 10622 10657 
100 123 177 351 592 707 826 2823 2977 3355 4743 5567 5816 6214 6250 6401 6794 7215 7664 8261 8787 8956 9177 10913 6548 8257 8502 8954 
101 1123 1193 1618 1812 2162 2771 2913 4614 5030 5285 6542 6757 7015 8351 9498 475 3281 5052 7283 9555 9797 
102 254 258 338 1095 1560 3094 5099 5823 7848 8735 10598 10685 
103 176 200 326 1401 3818 5078 5161 5454 5553 9255 10100 10542 10763 
105 329 457 1404 2937 2970 3945 6754 6760 9299 9415 9845 9999 
107 899 1029 1309 2580 3575 4429 4880 5468 5980 6529 8788 9225 9708 10593 
108 353 2212 2388 3845 4869 5691 6932 7436 7917 8778 9103 
109 3124 5079 5394 5635 5973 2926 3121 4628 
111 1515 1792 2351 7353 8385 1408 1600 5365 7335 8691 
112 1012 4312 4647 4670 4942 5247 5278 5528 5946 9764 10233 10420 10609 11028 
113 271 1445 2663 3205 5655 6389 7259 7317 8069 8391 9047 315 4872 7202 5176 8670 
114 198 489 731 3156 3786 4449 6734 8031 8569 9292 9608 5037 7710 
115 1033 1264 1268 1355 2310 2372 3185 3424 3802 4747 5033 5469 5589 6216 6382 7456 8116 8137 8550 8904 9109 9236 9372 9563 10876 10984 
116 2206 3722 3852 4151 4877 5170 6062 6314 6881 7233 7441 8133 8562 
117 560 2941 4146 4462 4991 6290 7243 7527 8523 8850 10111 3654 5075 8283 9728 
119 356 968 2189 3061 3499 4691 5141 5913 5961 6257 8588 8737 9712 9919 
120 1031 1678 1798 3329 3386 4698 5373 5729 6558 8303 9291 10085 10094 10374 10578 
124 442 989 1305 1552 1971 1982 3682 3822 3891 4067 4275 4335 4947 5554 5734 5811 6184 6274 8144 10412 10590 10805 
125 729 766 1242 1412 1562 3160 4600 8234 8510 10212 
126 217 223 328 354 740 1811 2083 3782 4841 4887 5348 7348 8142 8621 8791 9138 9241 9604 9784 10821 
127 2218 3173 4968 5649 7694 7938 11014 
129 1314 3304 5240 5712 5890 6052 7416 8088 8474 
130 702 947 1540 1723 2185 2275 2387 2944 3529 3813 4000 4118 4438 4453 4850 5572 5687 6259 6466 7403 7654 7808 7834 7877 8065 8155 8191 8203 8721 8936 9652 10473 10537 10812 
132 208 211 450 524 2495 2885 3239 3468 3475 4939 9524 10055 10964 
133 1455 2290 4465 5778 5963 6264 6690 7223 7420 7814 8445 9912 10021 10072 
134 1559 2678 3312 3964 7767 9242 
137 1770 1928 3146 3187 3256 3461 4002 4259 5443 5692 6486 6570 6733 6844 6917 7405 8430 8504 8682 
139 242 482 551 1767 1920 2203 3838 4886 5117 6692 7078 7753 9327 10454 
140 733 834 1599 1940 2438 2456 3661 4552 5643 6406 6702 7273 7685 7867 10350 10486 
143 5626 5742 7239 8472 8915 9447 9578 3099 3955 7804 9885 
146 1450 2525 2933 3469 4018 4800 4821 4953 9673 10475 10900 894 1424 
147 1222 1345 2000 2356 3081 3702 3856 4726 4952 8174 8483 9536 10174 10582 709 3480 
149 2250 2467 3370 4624 4954 5195 5536 6349 6494 6589 6704 7858 8938 9523 10452 10506 10817 
150 1375 1542 1737 2410 2491 3359 3558 3600 3981 4653 4689 5399 6189 7025 8179 8241 9235 9378 9918 
152 443 973 1587 1886 2300 2669 3834 6639 7720 8258 9237 10825 10354 
153 3221 3713 4325 4455 5102 6109 6136 7134 7146 7719 8846 9533 10032 
154 4559 5774 8396 8411 9529 
157 958 1279 2705 3799 3954 6688 7104 7175 7840 8798 8813 9539 9984 10025 10650 10880 
159 830 1039 2040 2135 3161 3759 4159 4165 4944 6310 7460 8086 8202 8618 9056 10851 
160 202 252 2951 4136 5664 6032 6768 8456 9628 11030 
161 539 745 1291 1719 4899 5260 5529 7365 7856 9211 9440 9580 10519 
162 630 1327 1966 4008 4141 4706 4766 5818 6111 9640 9937 9955 10411 
163 1414 2854 5095 5106 5192 9098 9896 8185 8941 9961 
164 3212 3554 4557 4616 4770 4865 4924 5346 5733 6038 6969 7823 9948 
165 1495 1500 1564 3566 3670 5623 6220 7404 8067 8334 8535 11026 5627 8631 8415 
166 311 1213 1628 2876 5155 5573 7582 7998 9752 10974 392 2207 3638 7985 
168 1091 2217 3334 3501 4874 5330 5489 9032 2839 3668 4088 4344 7369 9817 
170 691 1341 1584 1914 2141 3229 3541 3623 5244 7603 7728 8009 8099 8134 9626 
172 1186 1369 3354 5906 8648 
173 435 461 950 1106 1349 1790 2287 3181 3602 3684 4251 4266 5461 7044 8005 9166 9445 9471 10018 10250 10878 4208 
174 537 4999 6215 6431 7304 8078 10747 9610 
175 296 393 1799 2159 2721 2723 4668 5757 5903 6580 7203 8587 8656 9054 10161 
179 835 2338 4522 5091 5804 6357 6687 7133 7967 9040 9615 938 3091 5764 5921 7006 9966 
180 575 762 1079 1289 1896 2042 2288 2482 4539 5749 6192 6219 6331 6616 7635 8489 8866 9753 9783 
181 1008 1230 1300 1946 3067 3584 3615 4496 5288 5531 6752 7432 7442 7626 9968 10034 10182 
182 941 1041 1423 3865 4003 4421 4599 4606 5592 5960 6028 6883 8036 8315 8752 9311 9993 
183 1155 1536 1752 4787 5041 5325 6565 7785 8178 8854 10654 10706 3793 5361 8709 
184 536 553 1951 2123 2330 2496 2679 2938 3732 5479 5900 6058 7378 7680 7931 9022 10091 10500 10687 10909 
185 1608 2193 2441 2799 3639 3641 8262 9169 9701 9860 9954 10883 
186 708 1028 1649 3896 4941 5268 5460 6094 6921 8020 8947 10286 10294 10304 10352 10469 
187 477 1252 1611 3336 3542 3553 3909 3948 4037 6218 8200 
189 1070 1432 1788 2157 3923 5313 6256 6446 7397 7646 7829 8950 9359 9386 9664 9687 10495 6787 10651 
191 1087 1544 1931 2010 2093 2169 2534 2625 3940 4482 4597 4623 5545 6814 7249 7873 8460 8532 9087 9871 10087 10154 10318 
192 369 383 527 846 2334 3379 5510 7186 8187 8238 8265 8521 3814 4262 8745 
194 310 1900 2675 3734 4907 4943 5047 5138 6316 7435 7762 7875 8373 9596 9660 10397 10988 
195 980 1387 2664 2983 3849 4148 6874 7471 8610 9297 9567 10716 11009 1883 6541 7098 10236 
197 1108 1965 3013 3057 3166 4839 5872 7869 3991 4744 10117 
199 1396 1609 1850 2350 2499 4464 5005 5188 6417 6994 7034 7315 8121 8677 10773 
201 1569 2545 2583 2890 4633 9346 10147 2766 2956 3331 9060 10793 
204 2158 2213 4131 4682 4948 7868 9234 10752 10819 
205 913 1663 2048 2256 2618 3153 3419 4167 4238 8340 9934 10824 
207 2015 2282 3342 3715 4387 7775 8051 10538 6867 10306 8584 
209 216 1082 3236 3863 4140 6598 7041 7410 9076 9452 9612 
210 528 873 1619 2179 2483 2500 3530 4068 4586 5467 6402 9720 
213 293 300 343 418 532 593 741 784 1949 2038 2353 2932 2947 3196 3203 3928 3960 4391 4716 4740 5723 5825 6330 6499 6518 7073 7211 7244 7558 7648 7738 7786 7926 10106 10552 
214 1936 4170 4314 4395 4562 5505 7125 8206 8352 10342 
218 1000 1948 2335 4767 6176 6447 8050 8063 
219 1763 1925 5202 5340 8288 2870 6065 9223 9461 10757 
220 3159 3590 5194 6378 7905 8056 9840 10066 10902 5507 5950 6367 10491 
221 2628 4042 4186 4937 5090 5415 5539 5930 6207 6283 6392 6685 6841 7054 8342 9436 385 1486 2736 4139 4609 4828 7888 
222 523 2537 2685 2981 3103 3831 4413 4809 4858 5429 2205 2263 5688 6436 7069 10112 10544 
224 2402 3353 3455 3747 3791 4641 5076 5132 5306 6970 7195 7286 7383 10009 10157 10270 10628 
225 1477 2293 5064 6144 7280 7363 8462 8697 10518 5584 
226 631 2589 
227 526 2397 2763 3859 5026 5796 7319 7500 8840 
229 276 866 4591 5284 6069 
232 594 645 1219 2314 4384 5135 5321 5793 6553 10099 10959 4307 6229 6764 7295 7947 
233 9307 9403 995 7262 
234 433 1378 1523 1733 2005 2349 3300 8508 10288 10801 
235 1373 3537 4087 4955 5006 6271 6577 7421 10967 3576 3597 4258 4435 6461 
236 564 1077 1402 1671 2267 4195 4517 4750 5216 5281 5779 6439 7850 9950 10778 
238 703 754 2006 2165 2423 3491 4615 4930 5156 6119 6669 6990 7112 7210 7331 9678 9953 10275 
239 379 549 814 1331 3015 3142 3210 4350 5962 5968 6834 7359 8166 8209 10010 10016 10215 
243 1751 3202 3253 5318 6745 7696 8323 1745 6916 7306 8327 9633 
245 1333 2247 3125 3147 3643 4802 4831 5463 5681 5795 5985 6732 7251 7672 8002 8448 8748 9585 9904 10656 10856 10986 
247 597 598 1818 3357 3492 4105 4917 5211 5301 7374 7595 9734 
248 935 1731 1854 1862 2715 3298 3603 6451 7484 8214 10755 1457 2415 2855 4503 7560 8655 9399 
249 290 361 660 2187 2597 2644 3344 4434 6864 7105 7531 8467 10097 10238 
250 373 2546 4091 4838 4945 5704 6747 7156 7977 8252 8447 8945 10211 
251 841 869 1010 1508 1744 2359 2928 3043 3633 3816 3999 4012 4142 4218 4590 4764 4813 5128 5290 6102 6649 8103 8354 8658 8992 9898 10594 10758 10813 
253 1927 4147 5377 6440 8710 9704 10319 
256 1226 1509 1576 1895 2779 3360 5406 5551 7122 7308 7497 7893 7904 8541 8665 8818 9159 9376 9777 10707 
257 2649 2671 3087 3789 4446 4622 5882 8346 8925 8953 10872 10982 
259 903 1205 1385 3132 3346 3436 3892 4365 4457 4536 4721 5353 5800 6036 7412 7602 8092 9717 10670 10761 10804 10868 3323 3518 5009 6191 8226 8487 8838 9741 10070 
260 577 663 780 1591 1595 1943 2126 2586 2676 3014 3604 6265 6300 6493 8367 8567 8935 9772 9933 10376 10858 
261 277 758 1377 1859 1986 2211 2243 2900 3092 3512 3631 4582 5248 5662 6587 7081 8115 8566 8868 9023 10158 10428 
262 678 682 1013 1384 2018 2045 2808 3309 3498 3614 3798 4244 4249 4459 4488 5522 6258 6985 7402 7787 8408 8939 9337 9514 10063 10570 10839 
267 1162 1978 3611 5129 8553 8726 10363 
270 583 2419 3096 5965 6097 6174 6693 7176 
272 278 462 1705 1856 4560 5865 5927 6854 7380 7633 8440 9810 1303 5312 6266 6709 8199 8246 9019 9189 10976 
273 886 1254 1909 2155 2455 3279 4128 8755 9078 9129 9178 10617 
279 1255 1855 2774 3744 4315 4418 4636 4958 5058 5657 5660 5794 6039 6396 6634 6664 7478 8140 8380 8418 8543 8790 10541 10692 859 2173 3272 7638 9693 
280 518 641 808 1596 1824 1875 2488 3624 4053 4709 4772 5092 5221 5397 5525 5651 6206 6557 6642 7329 8662 8804 9185 9278 9742 10681 
281 400 2591 2802 5640 5679 8204 8669 9010 9526 9732 10098 890 
282 390 1819 2986 3506 7108 7750 8759 9243 10360 
283 746 802 1173 1338 1636 2234 2367 2689 3049 3393 3879 4227 4604 4849 5160 6118 6156 6908 7275 7556 8079 8386 8694 9045 10458 10741 10854 
285 2745 3650 4881 5093 5857 6404 6473 6641 6710 7258 8603 9113 
286 686 934 2897 4974 6670 7892 10606 1665 1821 3406 4442 5768 7665 
287 1263 1820 1898 2794 2988 4705 5287 5597 7130 8014 8106 8533 9197 9847 10168 10172 10673 10693 
288 717 1297 1782 1845 1873 1935 2434 2445 2466 3846 5515 5741 5747 5805 6515 9266 10209 
289 1849 2389 2708 2724 3137 4762 4951 6840 7535 7761 9691 9820 10022 10295 10457 10521 2344 3700 4099 4443 
294 874 3240 3404 3956 7221 7846 8593 8643 9773 9941 10668 
295 2990 3144 5912 6169 6940 7003 7356 8289 8580 9006 9038 9088 9692 
298 810 2731 3976 4414 7588 7836 8276 8306 9642 
299 920 1848 2581 2670 2996 3303 3378 3826 3916 3985 4598 4718 4915 6000 6141 6152 6245 7213 7705 8678 9220 9287 10193 10258 10404 10529 
302 725 1142 2266 2476 3192 4707 5367 5773 5850 6159 6471 9637 11032 9627 10483 10565 
303 339 1370 5029 5570 6413 7129 9439 9765 
304 2407 4162 6861 7776 9004 10577 4528 6815 8753 10492 10516 
305 2658 3561 3882 5490 7031 7573 10443 11004 761 961 6708 
306 396 1759 6594 6931 7350 7526 8311 8667 
309 840 1696 3248 3301 3651 4463 4571 5139 7642 8769 2992 3921 4480 9787 10448 
313 670 2197 3040 3394 3517 4046 4692 5049 5813 5978 6120 6763 7159 7171 7784 9155 9322 10592 4547 9665 9980 
320 2092 2552 3375 3787 4074 5332 5983 7023 
321 2032 2220 4130 5790 6491 6689 6822 7569 7706 8183 8877 8917 10837 
322 744 981 4526 4996 5419 8042 8464 11012 
330 776 901 2004 5096 5147 5207 5910 7772 9419 10444 
331 398 1803 1905 4317 4484 5238 5243 6718 7744 7816 9186 9929 
332 871 1225 1287 2451 2979 3274 3915 3957 4370 4580 4935 4936 4956 5100 5294 5886 7246 7851 8017 8255 8495 8545 8764 8856 10264 10550 
333 1181 1458 2168 3448 3477 3771 4291 4353 4666 4920 7110 7691 8161 8479 9218 10355 10724 10779 10949 
334 688 760 2680 3486 4505 7132 7666 7743 10089 6737 7837 10811 
335 2326 2352 5082 5386 6836 9519 7490 11003 
340 437 1592 1828 2471 3743 4058 4710 4723 5703 5888 6807 8422 8645 8944 9467 9696 9762 9771 10753 
342 1185 1932 2129 2215 2845 3653 5267 5994 7057 8105 9504 10033 10662 
345 5631 7114 9670 10855 7825 9369 
346 372 4056 4059 3051 7621 8259 8873 9052 
348 409 441 1613 1893 2107 2815 2968 3540 5575 5659 5972 6042 6403 7143 7152 8509 10362 10371 10422 
350 650 1166 2183 2376 3466 4382 4422 5894 5920 5987 6091 6796 6831 6866 7139 7991 9324 10505 10782 10882 2918 8799 9096 
357 561 712 1120 1962 2186 5408 5559 5705 6202 6573 7052 7191 7730 8919 8991 9715 10292 
358 1208 2481 3869 3974 6301 9044 9674 9992 
359 395 455 931 1223 1707 2264 3657 3805 5025 5056 5125 5923 8197 8273 8606 9148 10086 
363 447 1703 1718 4219 5696 7577 7606 9295 4071 6398 
365 951 1145 1152 1434 1786 2170 2345 2690 3133 3288 3842 4510 4777 5010 5020 5105 5252 5311 5328 6063 6125 6186 6195 6235 6329 6571 7093 7429 7794 8081 8317 8843 8898 9083 9201 9588 9646 9733 9739 10069 10461 10957 
367 2614 2967 3022 5203 5345 5686 7689 7853 8570 9127 9839 10840 7755 
368 492 2201 3347 3888 5022 7145 9464 
370 1335 2034 5775 6311 8468 10584 1020 
371 1083 1135 1984 2053 2792 2858 2936 3525 4076 4576 4965 5863 6374 6397 7726 9069 10128 
377 654 819 1968 2028 2746 2935 3381 3516 4107 4178 4191 4756 5017 5153 7900 9505 9944 9979 10873 
378 1312 1415 2195 3155 3414 4399 4684 5008 5744 5951 7068 7288 7971 10711 
380 2558 3450 8210 10133 501 5413 6116 
382 1823 2575 3263 3942 7475 7533 8035 8356 8927 9502 10252 10387 
384 1796 2089 3712 4050 5634 6719 8722 9091 10166 10460 10928 
386 2327 2378 3235 4247 4397 4589 4873 5048 6588 10823 2014 
387 1449 2475 4158 4656 4679 4690 5015 6043 6165 7178 8341 9566 775 2319 4206 4648 5094 6950 7179 8256 9636 
388 1864 2355 4330 5612 6793 6912 10613 10057 10156 
389 1272 1391 1409 2551 2798 5173 6233 7724 8481 8599 9881 10108 10259 10263 10571 10923 4081 10558 
391 752 2311 6644 7757 9214 9306 10162 10536 
394 496 994 3350 4301 6138 6862 7617 7838 10082 
397 1002 1329 1337 1413 1741 3774 4342 4650 5081 5249 5392 5530 5952 6412 6806 7027 7482 8688 8989 9143 9528 9564 9826 10980 
401 749 750 1490 2044 2542 3059 3755 6263 6428 6683 7886 9425 9507 10142 10214 10978 
402 1090 2440 2874 3698 3860 4596 5067 5108 5665 9568 9707 10121 1374 1747 5594 6536 9816 
403 676 862 1668 2700 3025 3244 3270 5305 5767 7117 7499 7508 8614 8696 9434 10123 10634 10717 
405 1945 3131 3473 3526 3709 4048 6183 6339 6619 8549 9059 
406 1340 2223 3070 3170 5356 5436 6236 7318 7539 8047 8237 10809 
412 1452 1485 2253 2413 4181 5347 5654 7593 9001 9162 10241 10697 
415 771 897 1431 1550 3315 4921 5762 5878 7932 8376 9194 9679 10678 
416 2588 3660 6593 8348 8616 10322 10807 10862 10889 459 1578 2304 3441 7137 8576 10943 
417 2711 2832 2950 2959 3887 4025 4476 6246 7298 8676 8973 9018 9104 9151 9648 10202 
419 3559 3978 4295 8321 8551 9798 9983 10205 10663 10708 
420 3110 3177 4846 4894 5122 5426 5727 6672 8531 8797 10232 4064 4233 4889 6885 
421 906 1251 2229 3949 8269 8750 9602 9883 10771 3736 5858 
423 823 2255 3214 3428 3719 4852 5219 5229 5447 5728 6638 7060 7261 7289 7506 9106 9509 10487 10559 10795 694 6166 7307 10110 
424 613 711 783 940 1646 2226 2592 2829 3026 3689 3708 3982 4940 5054 5168 5224 5478 5537 5613 6350 6618 6647 7510 7832 7915 8347 8568 8703 9092 10247 10696 10742 10744 11008 
425 2124 2148 2360 6453 6741 6823 7022 7392 7918 8163 8227 9723 10180 10390 5819 
426 479 838 883 2116 3489 3740 4967 6524 7521 8117 8622 9711 10722 555 1519 9945 
427 2627 2767 2989 3010 3311 3388 5152 8826 9671 
428 498 2925 3998 4069 4183 4572 7516 8253 9515 10525 
431 1231 3785 5137 5652 6262 6381 7040 7605 7842 8066 8556 9231 9249 9550 9901 10064 10760 2613 
434 759 849 1446 1941 2067 4394 4497 5808 6061 6359 8717 10736 5331 8459 9942 
439 751 2672 3044 3794 4544 5578 977 2047 6059 7512 10520 
440 1675 3481 4938 6226 8184 9356 9972 
444 1121 1572 2252 3178 3490 5262 5970 2075 2673 2844 6117 
446 1089 1236 1411 2081 3878 4730 5497 6040 6076 7419 9443 10049 10309 
448 3511 4556 4714 4818 5034 5385 5847 7320 10132 10596 
449 2029 2633 3593 3622 6356 6615 8044 10080 10952 960 5905 6631 7200 10053 10299 
451 2025 4704 7406 9179 9190 10052 10181 933 1296 3140 5038 10425 
454 3238 5849 7587 7849 8528 9131 9184 9849 9894 10061 10273 10472 
456 1023 2027 2285 3266 5403 6358 7282 7511 8138 8739 10623 10936 
460 1286 1344 1351 1573 2278 2904 3737 4103 4631 7389 7954 8803 9058 9110 9855 
463 1339 1784 2284 5087 5512 5690 6774 8305 9014 9263 9347 9393 9716 10037 10860 
464 644 1316 1447 1783 1974 2404 2511 3217 3223 4040 4487 6675 7721 10455 
465 1539 1606 2414 3294 3310 4490 8229 9437 10339 10614 10739 7541 7637 8520 11016 
466 4412 7113 9623 10775 10852 1164 4649 
469 1015 4751 6918 9877 10400 10645 5191 
470 579 885 1209 1813 2739 3502 3971 6020 6420 
473 640 721 943 1353 2358 2686 2773 3720 4349 4792 7612 8073 9582 9657 9856 10421 2557 7929 8899 
474 1249 4072 5000 5810 5924 7051 8016 8337 9629 10253 10566 10802 2880 8812 
481 626 724 1036 1460 3130 3271 4665 4896 5991 6142 6496 8420 8724 10023 
483 621 1049 1961 2309 2834 3000 4632 4799 6190 6383 6953 7895 8186 8661 9125 9729 10532 10646 7522 7523 
484 1498 2077 4594 4866 7360 7534 8018 8774 10310 2425 3555 8104 8961 2784 
487 742 839 1094 1758 1808 2307 2450 2452 4031 4102 4201 5072 5424 5544 5708 5736 6238 6386 6514 6537 7477 7949 7989 8076 8526 8613 9081 9531 9583 9669 9684 10531 10588 
490 10145 10274 
495 1046 1494 3080 4499 6419 6492 7684 7799 8093 10124 10723 10886 10970 
497 563 1298 1689 3030 3742 4016 4200 8638 8902 9406 9622 1711 
500 1586 3268 3968 4724 7248 7409 8421 9745 10403 10888 
502 1149 2752 2824 3119 4830 5496 6011 6148 6384 6621 7024 8715 9210 9891 9956 10338 10476 10580 997 4124 6423 7151 7634 8084 8219 10713 
504 2110 2646 3339 4486 4735 5689 10671 
505 1728 2012 3421 3919 4204 5154 5820 9957 10225 6797 9421 4801 
507 4822 6539 8409 9430 10446 2919 
508 1062 2894 4085 4095 9193 9570 10035 10040 10120 10155 
509 1726 3510 4812 7707 7827 8127 9065 2435 4375 6163 10595 
512 1059 1428 1629 4780 4817 5298 7287 7347 7942 9331 9616 3536 8297 10239 
514 1775 2224 2550 4669 7038 7982 10196 1878 6347 
517 671 1088 1398 1470 1677 1712 2210 3003 3476 3655 4257 4535 4892 5472 6424 6578 7649 8274 8571 9632 9759 9982 10463 1169 1440 1785 4447 7759 
519 999 1073 1129 2306 3113 4440 5582 6370 7788 8107 
521 1116 1567 3733 3914 3969 4364 6103 7235 8046 8150 10738 
522 690 881 3647 5458 8887 9195 10060 10799 
530 860 2152 5362 7071 7101 7136 8164 9354 9358 10808 7293 
533 753 2036 2143 2768 3431 6996 7708 7997 8196 
534 656 1394 1521 2524 2587 5475 5871 6888 6927 7835 7857 8392 8639 8859 10556 10962 
538 1511 1760 2181 2381 4220 4664 6354 9924 10065 10906 
540 917 1141 1161 3435 4234 7714 10334 
544 879 1215 3382 4727 4862 5001 6887 7855 9007 9264 1436 2610 
545 1304 2729 3855 3861 5184 6839 7064 7222 8404 8744 9321 
546 982 1016 1493 2370 2604 3136 3777 3797 3995 4655 5374 5486 5596 5601 5735 6646 6674 6835 7996 8997 9150 9484 10510 10896 11033 
550 896 2503 2953 5642 5864 6607 6726 7230 7297 7884 8310 9886 2886 3640 
552 1245 2906 3345 3706 3839 3966 5542 5830 6457 6770 7100 7594 7688 8470 10769 10806 868 4320 
554 748 1122 1748 2200 2473 3200 3444 4678 4843 4891 6146 6414 6952 6960 7675 7741 8177 9122 9289 9852 10402 10694 10838 
556 723 1006 1048 2286 5557 6124 6340 7619 7690 7956 8344 8646 8909 
557 637 4783 4791 4923 6239 6351 6749 6894 7440 7473 8771 9476 10445 10869 
559 1368 1621 1889 2011 2695 3437 3591 5562 6481 8875 8890 9310 9788 10859 
562 569 1994 2600 4154 4274 6182 6655 6965 7192 7966 7984 8129 8304 8428 8674 10477 78 
565 3739 4083 4373 6010 6343 6456 7375 10688 10714 
567 4327 4398 5423 8882 9594 9706 10575 673 1715 2051 11017 
571 4754 5534 6648 6915 7086 8299 8530 8832 
573 898 902 3556 3761 7091 7733 8194 8235 9277 10026 
580 1700 2759 5976 6200 6643 7889 9994 10621 
581 699 1003 1177 1634 4853 5674 7663 7806 8913 9463 1868 2508 5508 6497 6720 9090 
582 658 2078 2244 3031 3632 4109 4612 4851 6617 7043 8387 8583 8586 6789 
584 596 1085 1489 2782 3318 4345 5208 6047 6465 8053 8083 8540 8977 9332 9362 9758 10243 
588 2838 7039 7486 8512 9330 9598 10954 
589 3527 3589 4033 4357 4561 6786 7333 7434 9508 
595 3097 3636 5190 5214 5327 7216 9500 9813 2031 5070 5619 7879 10130 10434 4180 
600 763 930 1178 1543 1727 1806 2416 2426 3066 3250 3273 3520 3679 3958 4431 5187 5829 5996 6516 6735 7358 7464 7740 9651 10226 
601 1358 1471 1755 2647 4864 4990 5730 6504 7204 8021 8663 8874 9067 10221 10512 
605 661 1032 1211 2803 5120 8318 10203 1212 4280 5495 8729 10007 
606 1861 2684 3168 3544 3763 4390 6037 6188 8114 8175 10059 
607 813 922 2202 2911 3017 3050 3116 3126 4473 4602 4820 5085 6291 7324 7715 10493 7504 7916 9248 10523 
608 7655 7930 8168 9157 1809 4086 8284 
610 657 937 1127 2271 3277 4672 4687 5556 5935 6155 6946 7079 8642 8969 10027 10394 
611 2411 5104 5787 6582 8349 8628 8910 10192 10803 
614 2251 2862 3776 6472 7847 7870 8271 9000 
617 646 1488 5197 5833 6149 6869 7662 9111 10317 10797 10922 1892 7058 7252 10794 
619 3093 4546 5254 5883 6520 6896 7990 9238 3807 10853 
627 2142 2605 3302 3908 6902 7525 7978 9112 10754 8211 10834 
628 665 1294 8280 10312 2184 4627 7173 10399 
635 1598 1923 2191 2650 3903 4793 4856 5682 5718 5926 6051 7438 9546 9790 9921 10216 10504 10845 
638 967 1262 1656 3564 3975 5036 5504 6294 6873 6898 8885 2112 4478 4732 8641 8895 10466 11013 
642 1465 2146 3024 3648 3844 4308 4977 5180 5678 6334 7227 
643 768 2296 3305 3610 4110 5999 7789 8579 9265 
647 792 6044 6762 7963 8111 8994 9544 9780 10043 10289 10409 10776 
648 769 1183 1295 6279 6364 6776 7268 8242 8442 
649 2318 3458 4782 4914 4931 5024 8270 8494 
652 1026 1256 2433 2507 2821 2934 3735 4010 4122 4824 5437 6045 6198 6517 7033 7566 7713 8374 8469 8573 8598 8624 9137 9290 9323 9433 9685 9812 10562 10764 10987 
653 1311 6303 6313 6717 9776 2879 3809 4252 5815 6240 6943 
655 837 2348 2917 3197 4052 4893 5455 7880 8829 9252 9595 10726 
659 1676 2489 2760 4197 4781 7016 
662 828 3596 4540 5896 6150 6846 7102 7395 2289 3867 6609 7549 10005 
664 1960 2392 4652 4978 5586 5739 6060 
666 1710 4293 5299 6140 6613 7010 7355 9163 9465 9876 10517 2002 
667 850 2313 4883 6344 7005 10153 10898 
669 855 1081 1260 2642 4577 4681 6810 8417 9480 9494 
675 1035 1356 2405 3224 3440 3546 3685 4211 4467 5077 5724 6377 6633 6800 7620 7944 9774 9882 10848 10960 11001 919 2902 3937 5851 7960 
683 891 1153 1585 2878 3052 4454 5111 5445 5446 5483 6821 8131 8597 8718 9474 9618 10227 10792 
684 3002 3430 4533 8477 8777 8998 
685 1459 1565 2056 2233 2393 2905 3278 3987 4090 5466 5832 7253 8010 9835 10720 
692 1891 2102 3961 4861 4890 5130 5706 5939 6966 7270 7616 9284 9789 10686 
696 1288 1354 1716 2069 2150 3721 4550 4688 5558 5928 6253 6623 7090 8503 9751 7939 
697 2261 4626 6665 7177 7812 9200 9621 9861 1626 8350 
700 998 1739 2163 3234 3625 4875 5149 5266 7334 8019 
701 952 1195 1302 2328 2929 4125 4230 7290 8222 8496 8538 8746 9384 9740 9831 10137 
704 1442 1858 4986 5201 5491 6967 
715 3172 4316 4686 5043 5164 4461 9213 10254 10587 
716 2151 2384 3432 
719 959 1420 2519 3102 3190 6563 7386 7749 9117 9410 9862 2079 
720 1063 1321 2329 3089 4013 4806 5477 5721 7314 7492 7961 8637 8784 9844 
722 1276 4452 8057 
727 789 1176 5936 6611 8623 8870 9562 10499 10549 2522 6095 9677 
728 929 2100 3289 3724 4036 6211 6983 7630 8738 9391 2895 3313 3690 4722 9647 
730 1736 1833 2383 4077 5277 5943 9672 9962 10187 10367 10560 
734 2492 2683 4980 5737 7952 8043 9964 1610 8328 
736 1056 3403 6332 9008 4608 10090 10489 8585 9575 
737 2149 3012 3100 3533 4101 5083 5801 6700 6804 6852 6979 7212 7831 8466 8965 9947 10135 10278 
743 904 1101 2985 3374 3532 3901 5186 5837 6107 6178 7172 7671 7983 8125 8948 9030 9132 9442 9996 10067 10084 10208 10585 
747 1397 1503 3265 3551 3563 5618 8149 8403 
757 858 1754 3367 4588 4737 5274 7579 7670 10496 1672 2461 4639 4912 7897 10382 10429 
764 1204 2860 3069 3885 5333 6575 8139 9769 10012 9171 
765 987 1137 2227 4022 4542 6212 7964 8773 9719 10939 1099 1976 
767 942 1484 2694 2696 4432 5433 5509 5971 7415 7622 8319 8612 9428 
779 1105 2060 2569 2822 3074 3078 3507 4433 4513 4733 4774 4987 5484 6001 6802 7326 7357 7747 8590 8848 9063 10190 10283 
781 2130 3422 4712 5395 5624 7362 9212 10136 
782 1835 1877 2242 2607 2706 2843 2921 3011 3710 3979 4236 4296 4543 5127 5388 6033 6072 6309 6448 6585 7183 8154 8660 9221 9832 10280 10865 
790 887 1194 1250 1491 2095 2549 2635 2783 3047 3531 3535 3778 5050 8264 8601 9367 9454 9630 
791 1522 1643 1842 2528 2778 3768 4028 4239 4933 5670 6325 6385 6487 6880 7085 7887 8741 8763 8779 9057 9086 9405 9853 9906 10143 10279 
793 1323 2070 2453 2593 3408 3570 5019 5418 6100 10748 1054 
794 1937 3484 5532 6753 7936 9516 10983 
796 3989 4114 6222 8247 8714 9244 9815 9838 10104 10702 
797 2972 3876 4282 5343 5685 5701 5908 6505 7148 7584 7934 8312 8558 9590 9749 9867 10993 
799 1660 2975 3151 3728 4637 4913 5990 6312 6697 6899 8041 10031 10170 4100 8878 9858 
800 915 1556 2398 3666 4475 7099 7341 7551 8165 
801 4035 4523 5949 6625 7470 7623 8244 10297 
807 1444 1872 2609 2780 3290 3752 4261 4437 4988 6485 6809 6849 7439 8451 9174 9182 9219 9914 809 2622 2945 3764 4034 6096 6919 7969 8793 9911 
815 946 978 2237 2965 4773 5322 5628 10629 
816 3758 4166 5560 5565 6106 7501 8314 8627 
831 1199 3851 4901 5172 5992 6393 6652 6784 6879 7802 8193 10296 
842 3118 3292 3320 4746 4870 5561 5579 6132 8007 
844 1768 1964 2013 2219 4619 5427 6691 6875 7055 7414 7992 8217 8263 9051 10372 10380 10703 
845 1579 1953 2553 2629 7413 8427 
847 1133 2080 2462 3275 3707 4318 4491 5179 6462 6680 6808 7845 8147 8743 8816 9099 9613 10442 10553 
857 1860 1899 4043 5061 5564 7590 8894 9170 9572 10077 10384 
861 2084 4097 5843 7028 7323 8286 9491 1601 3508 
863 5393 6021 6645 7640 8853 8918 9071 10511 10877 
867 2305 5163 7162 8690 9348 1746 6105 9666 10351 
872 956 1642 2601 3296 3696 4225 4416 5297 6158 7394 8525 9404 9556 
875 1191 1235 2120 2134 4152 4595 5165 5421 7751 8012 9703 9920 
877 1389 3332 4959 6064 6244 6750 1244 
882 1817 1843 1926 2248 2835 3627 3751 3924 4210 5438 5884 7574 8811 9012 9836 
892 3054 8118 8369 8883 9073 9121 10705 
893 1439 1582 1687 2322 2562 3599 3781 3911 4075 4108 4196 4504 5644 5750 6758 7229 7854 9986 10148 10494 10968 
895 1638 4161 5566 5887 6512 6560 6801 7013 7693 8248 9468 10827 
912 1347 2606 5457 5636 5699 7546 9089 10389 10415 10818 9079 
921 3692 3943 4082 4347 5587 5977 6308 9370 10907 1589 8432 9932 
923 2239 2656 2842 2910 3343 4199 4640 6209 8322 10219 10410 10659 10701 5181 10892 
925 1695 1762 2535 3857 3871 4407 5720 6722 7401 7466 8173 8450 10045 10287 10307 10672 
926 2085 4734 4775 4795 5146 5323 5617 7418 7562 8942 9967 10030 10102 11015 
927 3333 4281 4302 4895 5053 5697 6078 6569 6667 7029 7124 7135 7459 8544 8596 9149 10068 10718 
932 2806 3293 3804 5258 6421 6596 7224 10951 3434 7629 9793 
939 2241 2687 3488 3784 3946 5044 5538 6488 6920 7056 7771 8429 9414 9441 
948 1367 1919 2710 3361 3730 5357 6243 6739 6955 7449 7667 7731 7742 8398 8602 2059 2873 5218 6817 7839 8575 9142 9173 6561 7909 
949 2299 2498 3485 4351 4613 5227 6066 6223 6484 7575 7807 8130 9641 10981 4651 
954 1030 3191 4119 5055 5150 5310 5563 7084 7695 7810 9560 9930 11021 
957 3198 3245 4871 6550 7279 8443 10375 1981 6018 8119 10780 
962 3398 4768 5065 6843 8851 1975 1979 2096 3149 
964 1248 1481 1514 1686 2133 2518 2573 2682 4982 6151 6845 7061 8465 8611 8695 8911 9160 9939 10682 10930 
965 1050 2238 6482 6991 7095 7901 5416 6829 
966 1362 1988 2571 3171 6395 6701 6783 7537 8157 9489 10643 
969 996 1740 4324 4984 6090 6731 7260 7366 8499 1831 10330 8195 8634 
970 1691 2122 3366 3918 7567 7752 8004 9202 9760 10751 10924 
972 1417 1791 4460 5839 8962 9279 10320 4333 4711 7878 9222 9558 
974 2818 3810 3925 4279 5482 5802 5918 7444 7530 8810 10175 1350 4957 5470 6139 7803 
976 2225 2730 3864 5255 5593 5608 7479 9455 10832 10950 
991 1561 1881 2380 3608 4237 5282 5684 5743 5922 8912 9662 2298 3900 
992 1187 1463 1673 5351 6459 7144 8828 8833 10122 10605 
993 2037 3048 6160 6572 8982 9035 9814 8886 10186 10991 
1001 2559 3459 4661 6070 8632 9545 10092 
1005 2386 3783 4424 4741 5615 5666 7206 7639 8025 9258 10989 
1018 5591 7066 7087 7937 8201 9392 9579 
1022 1381 1607 2648 2892 3635 6173 7746 10515 11002 
1034 1158 1232 1684 2071 2515 4481 5760 6077 6777 6944 7443 8278 8301 8907 9318 9398 10020 10603 10979 
1040 3579 4065 4143 4363 5013 5257 6185 8423 8986 9108 9165 9591 
1042 1593 1829 2097 2761 3373 4638 4983 5731 9477 
1057 1801 2072 2214 2260 3652 3701 4855 5812 5982 6599 6951 7571 7624 8636 
1066 1278 2177 3084 3129 3686 3694 4685 4757 6435 7661 8132 9374 10245 10796 
1067 1631 1915 3548 4922 7940 8869 9394 9431 9870 10267 10784 4466 8136 10427 
1069 1407 1453 1732 2054 2599 3447 4267 5488 5713 6976 7563 8454 8914 10766 10891 
1071 1317 2800 3662 4253 5315 5874 6295 6924 7524 8692 3330 5292 8074 
1075 2424 5516 6676 6909 8218 8867 9341 7285 7919 
1076 2811 3145 3565 4376 
1086 1502 2775 3111 6526 8780 9268 
1107 2793 3587 3808 3894 7697 8001 8471 8984 8988 9028 9483 9497 9724 
1112 1698 3699 5838 7201 7999 8595 2055 2429 7019 10843 
1113 1999 2777 3832 4962 5098 5422 6267 6500 7242 7557 2303 6409 7184 
1115 2667 2757 3753 3944 4918 7503 9191 2726 4804 8359 10290 
1119 2701 4898 6942 
1126 1228 2640 2908 3644 3886 5158 5404 5693 6468 7000 7417 8268 8552 
1131 2172 2222 5363 8800 8970 9380 9561 
1134 1980 2579 2661 3874 3993 5124 5854 6346 6353 7166 8390 9738 9905 10071 
1136 1531 2019 2907 5143 5710 6443 7681 7768 2864 6659 9879 10075 10118 
1140 1501 1651 3363 4439 5178 5198 7188 7732 8232 9655 10631 1284 2484 3251 4738 5027 8122 
1143 1633 2632 6963 7063 7656 8625 8932 9418 9589 9731 9754 1630 1825 4411 4708 6601 10586 
1144 2790 3260 3788 3992 4132 5354 8085 9296 9807 10791 
1148 3929 5621 6470 6811 9326 9700 10177 
1150 2712 4658 6005 6128 6289 7700 7758 7773 8213 8561 8857 8871 9147 9183 9587 10265 
1156 1816 1857 3135 3642 4789 5471 6305 8629 9328 9565 10875 
1157 3402 4009 5206 5269 5828 8254 9154 9943 10001 10514 5148 
1159 1958 3423 4149 5569 6574 7267 8640 8967 9247 11005 
1160 1822 1826 2859 3426 4283 5032 6181 6251 6556 9785 10326 
1165 2816 3693 4515 4630 4972 6269 6686 8827 9722 
1172 1839 1992 2337 3176 5014 6110 7426 7580 7828 8287 10038 10388 1563 6502 7641 
1175 1269 1448 1888 1957 4231 5228 9375 10210 1348 1969 3362 
1179 3687 3895 4011 4017 5511 6115 6122 6559 7167 8476 
1188 1334 1781 2753 2987 3843 3930 4360 4758 6913 7311 10480 
1190 1683 2740 6635 7011 7030 7852 8152 8394 9448 10201 10636 
1192 1210 2707 4144 4179 4402 4583 5480 5574 6523 7908 8032 9525 8758 
1198 1692 1995 4423 4674 5324 7309 7376 7377 7581 7972 8208 8888 
1201 2409 2572 2889 4288 5541 6865 9743 9903 2631 4642 5902 6986 11023 
1206 1910 4198 4521 4998 5097 5786 6034 6812 6901 7074 7321 7445 7723 8325 8426 9325 9688 10478 10607 2662 6769 6995 7928 10256 
1234 1292 1383 3175 3474 4905 6050 6335 8333 8364 8837 9304 9360 9586 9698 10167 10831 
1238 1674 2065 2449 2531 4494 8091 8453 8842 8955 8963 10199 10416 10911 2194 6203 10490 10721 
1241 2652 2758 2896 5223 7474 10725 
1253 1720 1778 3893 4322 4358 5133 5792 6738 6872 6938 7240 7446 7455 8534 8652 8675 9093 9747 
1258 1903 2577 3218 3322 3837 4815 6604 6805 7703 8316 8329 9203 9686 10006 
1261 1271 6660 6905 7316 8332 
1270 3472 7120 7384 7692 8889 9198 9766 10958 5957 6476 7427 
1273 1662 1933 3086 4172 4989 7975 9987 10179 10934 1929 2160 7781 8148 
1274 1343 3138 4256 5263 5776 7018 9990 
1299 2544 3122 7193 7296 3680 7914 
1319 1722 1977 2001 2849 4032 4659 4810 5568 6460 7299 7332 7745 8158 8383 8405 8650 9402 10822 
1324 2119 2166 3306 3338 3823 5189 5677 6441 6495 8291 9638 10464 
1326 1386 1558 3568 4215 4500 5051 5239 5293 6320 10163 
1328 1529 2943 3243 4217 4502 4837 5814 5821 6387 6458 7554 8539 
1330 1525 2176 4507 6194 6911 7196 7291 8027 8365 6525 
1332 2354 3154 4094 4379 9013 7127 8723 3246 
1336 1616 4150 4908 5259 5934 8058 
1342 2058 2509 3390 4015 4985 6284 7564 8279 8563 10316 10481 
1361 2257 2713 3748 4116 4340 4367 5885 7748 10103 10666 1834 3208 4284 4530 7053 7382 8897 10602 10641 
1365 1648 3729 4646 6083 8113 10729 4489 6168 6612 10194 
1372 3400 3580 6968 7199 7568 9971 
1376 1756 1908 2094 3927 4138 4214 4860 4911 6980 8015 10546 10787 
1379 1967 3128 5193 5300 6463 7463 7882 8300 9878 10223 10522 10789 
1382 3287 4001 4168 4182 5234 8033 10770 
1388 1456 2637 2847 3001 6129 6171 6408 6790 9438 10054 10482 
1400 2281 4298 6041 6597 8684 9486 10648 9031 
1403 1911 2373 3731 4516 8049 8900 9107 
1405 2332 2417 4226 4964 5638 6363 6626 7274 9599 2331 5546 9625 9803 10449 
1427 1724 2104 2343 3850 5609 6993 7559 7601 8439 9517 10081 10884 
1430 3141 3824 9068 1670 3505 7572 8331 
1443 3020 3257 5523 6886 8236 8801 8884 10625 
1454 1810 2033 2720 3165 3216 3821 5614 5656 8559 8600 8693 10498 10955 
1461 2274 4485 4715 5435 7067 7632 7650 8143 9913 10114 
1464 2377 2719 3027 3112 3646 4057 4341 5021 6112 7408 7536 7591 9970 10655 10971 
1466 2131 3439 3449 4519 4620 4910 8389 6564 10746 
1482 3594 3947 5784 6210 7676 8519 8762 9025 9775 10341 10165 
1487 3427 4644 5519 6352 6373 6433 6832 7872 7921 8796 10198 3828 6721 7234 
1499 1532 4188 5116 8775 9518 9537 5759 9482 
1551 1699 2312 2401 3148 3383 5669 5997 6871 7509 7644 9718 10008 
1554 2567 2725 3282 4445 4451 4811 5755 6162 7881 8170 8188 9227 9397 9750 9991 
1580 2852 2881 6348 7514 7643 8542 10244 
1603 2368 2754 3741 5831 5911 5954 6341 6785 7428 8059 8153 9624 10600 
1614 1690 3952 4241 5261 6947 8089 8617 9654 10998 
1632 1836 1901 3582 4971 5196 6126 9339 9458 9702 10261 
1639 1997 2323 3714 3815 4242 6833 6962 7962 9039 9592 9892 10004 10248 7465 2030 8847 6101 
1641 2848 3365 3585 4694 6056 6825 7198 8482 
1644 3351 5517 6231 8400 8995 10767 
1647 2190 2268 2732 4393 6017 6164 6713 6957 10547 10627 
1650 2744 4079 5633 6744 6818 7185 9251 3123 3934 
1657 3150 5781 6566 6973 7912 7923 8680 10366 10293 
1661 2899 2912 3581 4228 4329 5827 6154 8412 9485 1830 1991 6004 9046 9411 10610 
1694 2699 6509 6761 7390 8087 8653 8668 8836 9048 9429 10028 10467 
1697 1947 3285 3997 5226 5583 6820 7653 10303 6268 
1713 2735 2993 3792 5411 7339 7399 9288 9512 10257 10874 
1714 2365 3671 4603 5068 5465 5476 7948 7965 8120 8181 8419 8501 8817 9548 10230 
1725 2869 3358 3683 4171 4392 5842 5938 6227 7237 7483 8756 9077 9737 
1750 2444 2714 5200 6217 6410 8345 8732 9026 10272 4278 5118 5169 6302 
1772 3120 3188 3801 4759 5439 5547 6177 6407 7294 7457 7461 8937 10146 10438 
1774 1897 1956 2728 4190 4426 4981 5409 5639 6452 6533 6546 8307 8772 9283 11000 
1779 2556 3283 5121 7813 10870 
1807 2653 2697 3939 5605 7973 8094 8839 8863 8916 9770 1985 3157 
1815 2974 3711 4483 4739 4794 5844 6650 6974 7498 7987 8366 8864 9946 10368 
1840 2199 2801 2883 4023 4304 4313 5975 6366 8458 8901 9543 10423 11010 
1846 3036 3936 4224 5171 5891 6025 6204 6225 7351 7518 7678 7709 10816 4419 4468 4868 6503 6906 8176 
1847 1887 2506 3983 4378 4826 5700 6730 6876 7103 10915 
1865 2086 2144 2681 3371 3854 5309 6082 7214 9825 10468 
1866 1885 3095 6426 8221 8335 8713 9650 
1870 2431 3634 4098 4134 4524 4807 4902 6286 7008 9520 10332 10417 
1879 3519 4581 4643 7496 9938 10141 
1924 2463 4331 6304 6555 6567 9479 10604 11020 
1938 3065 3970 4929 5761 7841 7976 
1944 2361 3487 4400 7615 7953 8172 8343 9300 
1959 2598 4273 4377 4963 5646 7189 7328 8013 8292 9478 9532 10835 
1989 4493 4834 5771 5780 7935 9576 9848 9926 
1996 2960 2997 6989 7094 7118 8368 10737 10772 10879 6746 8190 
2003 3058 4277 4545 5276 5984 7045 7219 7379 8557 9713 
2009 4372 4537 6868 7272 7995 8075 8097 8156 8577 9977 10195 
2020 2138 4362 5063 5177 6391 7561 9097 9748 10904 
2021 2154 2817 3470 4771 5535 5875 6480 7494 8052 8578 8805 9617 10395 
2039 2204 2308 3467 3705 5580 5907 7979 8958 10533 5264 6997 9446 10140 
2049 2867 2942 3114 3598 4155 4763 5571 6681 7647 7717 8330 8765 9527 
2061 8011 10635 
2073 3023 5869 6157 6293 6988 7883 8146 8781 10439 
2106 3269 4456 7652 8768 8993 10178 10191 10567 10611 
2127 3117 4078 4492 4803 4995 5349 5807 6637 7096 9188 9794 10285 10704 
2145 3267 5251 7462 
2161 6328 7209 9021 9995 9683 10470 
2164 2636 3083 4534 
2188 2265 2379 2655 3009 4776 5533 6255 7292 8930 8966 9355 9363 
2262 2819 5668 5916 6014 6411 7727 8008 9029 9293 9755 10440 
2315 2998 7796 8128 8893 3295 5893 
2320 3082 5326 5758 8708 9389 9631 10315 8547 9115 10633 
2321 3883 5167 6260 6765 7843 7922 9470 9989 10524 10616 5518 7859 3016 
2339 3549 8589 9843 3090 4695 5889 8999 10126 
2369 3139 3226 3276 3688 4332 4386 5057 5352 5513 5607 6961 7207 8080 8296 8604 8609 9124 9382 9530 9538 10484 
2391 3045 3420 3675 7532 9314 
2408 4129 5867 6775 7385 7716 9309 10689 5182 
2478 3073 3076 4823 5722 8124 8295 8728 9275 9495 10925 
2485 2688 5892 
2487 2523 3868 5464 8860 8959 9253 9997 10242 10735 4041 5339 
2520 2962 3727 3775 3803 4568 4660 5086 6628 7480 7764 9043 
2536 2659 3571 4112 4635 5302 5585 5942 6007 9053 9181 9802 
2555 3037 3649 5101 5993 6324 6595 8449 8517 8983 9246 9272 9768 9973 10291 10393 
2590 3348 3790 6270 9070 9705 10756 
2634 3314 4255 4436 5806 5868 6418 7092 7255 7698 9834 
2668 3316 3372 3446 3522 4779 5110 5959 6086 7607 8363 8371 10301 10777 
2812 6422 10105 10251 3041 9116 10901 
2827 2898 4055 4575 4587 4703 5379 6180 6369 6380 6538 6547 7367 7597 8592 9401 10783 
2846 3875 7238 8324 9285 10502 10548 3681 8733 10096 
2856 3973 4863 5456 5498 7472 7896 10224 
2920 3841 4193 5115 5595 5702 5861 6019 6080 6519 6602 6714 8491 9487 9645 9649 
2924 3618 3935 4265 4673 5004 5937 6016 6654 6972 6998 7228 7325 7958 8951 10378 10910 
3075 2615 5862 8698 
3101 3158 3463 4842 5629 6022 7256 7301 8457 9460 9909 10956 11006 3770 3890 10965 
3547 5369 5876 8022 10050 4742 6427 7770 
3586 4019 5769 7798 10424 3833 4857 5336 6658 
3629 4174 5042 6123 7088 7245 8537 9340 9805 10977 
3795 4385 9675 
3932 4574 5217 6679 7059 7147 8378 9801 10433 10846 
4070 5964 6053 
4829 6736 6999 7756 7906 10056 10237 6205 9017 9763 
4833 5836 7097 9841 6012 
4879 5925 7599 7779 8216 9302 
5250 5904 6365 7701 8701 9975 8192 
5746 7679 8736 
5955 7493 8985 
7142 7232 7520 8220 9786 10608 10759 
7924 8228 10749 
8749 9271 9496 9668 10619 
