0 1187 0.605754
0 1188 0.653907
0 1576 0.643093
2 74 0.611277
2 330 0.765282
2 361 0.625806
2 388 0.61025
2 415 0.645683
2 465 0.979112
2 607 0.662507
2 730 0.738415
2 820 0.65458
2 871 0.611515
2 921 0.7794
2 1017 0.717755
2 1026 0.604095
2 1099 0.720661
2 1243 0.625764
2 1267 0.741929
2 1427 0.64214
2 1483 0.722343
2 1522 0.697222
2 1543 0.677971
2 1580 0.682315
5 1530 0.941558
8 220 0.666887
8 331 0.786871
8 345 0.624883
8 745 0.690734
8 861 0.637475
8 1103 0.651623
8 1325 0.625875
8 1414 0.76495
8 1478 0.783536
12 446 0.64073
12 578 0.833905
12 889 0.608936
12 1159 0.610825
12 1160 0.858594
12 1161 0.912262
12 1594 0.894916
12 1621 0.808774
13 14 0.652689
13 55 0.613755
13 743 0.643077
13 967 0.620716
13 1013 0.664724
13 1049 0.628593
13 1608 0.649198
14 55 0.60135
14 241 0.601839
14 487 0.643386
14 575 0.63077
14 1013 0.604701
14 1474 0.618335
14 1499 0.603325
14 1608 0.697221
16 1362 0.963785
17 1358 0.882456
23 683 0.643275
24 43 0.680193
24 1077 0.766537
24 1589 0.69887
25 74 0.675778
25 246 0.714969
25 351 0.643946
25 542 0.614546
25 546 0.645862
25 760 0.719453
25 871 0.619106
25 1014 0.689565
25 1017 0.638205
25 1026 0.697887
25 1099 0.703106
25 1267 0.632049
25 1418 0.683366
25 1427 0.682555
25 1483 0.736678
25 1522 0.672365
25 1543 0.640753
25 1544 0.633143
25 1580 0.656945
30 103 0.654526
32 141 0.720458
32 313 0.649094
32 572 0.660295
35 36 0.877053
35 709 0.674046
35 1121 0.6386
35 1299 0.625531
35 1408 0.744074
35 1569 0.603048
35 1601 0.717943
36 709 0.651385
36 1121 0.630513
36 1299 0.604798
36 1408 0.711775
36 1601 0.688785
41 1386 0.607003
41 1387 0.618193
43 416 0.663976
43 1077 0.782143
43 1118 0.939592
43 1318 0.625983
43 1589 0.738932
44 46 0.92046
47 935 0.637458
49 493 0.899272
51 95 0.601902
51 368 0.635869
51 443 0.605547
51 936 0.661221
51 1017 0.629325
51 1427 0.600476
51 1537 0.648729
51 1586 0.678803
54 177 0.638667
54 610 0.628892
55 1474 0.640146
56 893 0.603528
56 1117 0.620706
57 681 0.911888
57 1425 0.639075
62 795 0.661418
62 1100 0.626168
67 68 0.927679
68 973 0.631785
69 319 0.76867
69 1000 0.667731
69 1068 0.779695
71 365 0.976527
71 812 0.616918
71 1123 0.836971
71 1336 0.646946
74 95 0.691621
74 246 0.63628
74 330 0.723261
74 334 0.664195
74 351 0.748906
74 361 0.666737
74 388 0.652721
74 440 0.772741
74 443 0.692674
74 465 0.667675
74 546 0.647263
74 590 0.633562
74 616 0.600573
74 633 0.642139
74 666 0.63297
74 722 0.602225
74 730 0.616722
74 732 0.737584
74 746 0.715514
74 760 0.677724
74 820 0.729627
74 871 0.760939
74 921 0.82459
74 936 0.637833
74 986 0.705
74 1014 0.7235
74 1017 0.828048
74 1026 0.724408
74 1049 0.618917
74 1099 0.764569
74 1267 0.796526
74 1418 0.790466
74 1427 0.747795
74 1431 0.648346
74 1483 0.781534
74 1522 0.725823
74 1537 0.786747
74 1544 0.625393
74 1580 0.73119
74 1586 0.8132
74 1614 0.601902
75 664 0.669009
78 1154 0.80768
79 224 0.61003
81 956 0.848304
86 204 0.649272
86 766 0.647857
86 1041 0.645197
87 169 0.876355
87 376 0.928423
87 470 0.630613
87 1569 0.614761
90 105 0.738881
91 933 0.618783
92 564 0.627652
92 1196 0.604863
94 133 0.955741
95 351 0.71458
95 440 0.776759
95 443 0.668057
95 633 0.903459
95 820 0.645379
95 921 0.634016
95 1017 0.722286
95 1267 0.605983
95 1427 0.691206
95 1522 0.674671
95 1537 0.776543
95 1586 0.78875
98 543 0.942262
103 130 0.604131
103 1076 0.658173
103 1325 0.62068
104 390 0.644534
104 446 0.823491
104 551 0.605628
104 758 0.657807
104 889 0.725436
104 1062 0.65108
104 1159 0.628499
104 1160 0.653361
104 1161 0.674844
104 1321 0.655634
104 1484 0.635545
104 1495 0.615456
104 1525 0.683019
104 1526 0.72825
104 1527 0.675369
104 1594 0.655014
108 259 0.874926
111 340 0.648071
111 1039 0.602085
116 1118 0.625782
118 1371 0.97822
125 1253 0.944232
128 786 0.641979
128 1396 0.673058
129 288 0.771999
129 456 0.781528
129 1016 0.617811
129 1120 0.60426
130 601 0.629366
130 1076 0.624328
135 614 0.635581
135 615 0.639641
135 1240 0.926839
136 596 0.638062
136 1618 0.665539
139 140 0.881703
140 446 0.644707
141 313 0.603044
144 186 0.602254
144 835 0.629164
144 1097 0.613248
144 1289 0.619752
148 1092 0.922764
150 1019 0.679341
157 1608 0.661717
162 171 0.7753
162 187 0.62732
162 835 0.821446
164 1547 0.778004
165 183 0.964508
169 376 0.891635
169 470 0.656496
169 1122 0.632579
169 1299 0.602804
169 1569 0.680874
170 568 0.972324
171 187 0.665528
171 579 0.642361
171 835 0.795723
173 316 0.61184
173 388 0.623478
173 730 0.627333
173 820 0.692036
173 931 0.607255
173 1017 0.659773
173 1049 0.74073
173 1099 0.611306
173 1512 0.601433
173 1522 0.627045
173 1543 0.629935
174 344 0.633044
175 317 0.638582
175 1108 0.959501
177 610 0.966949
177 753 0.812742
177 846 0.769402
177 857 0.66039
177 1129 0.657752
177 1178 0.749466
177 1345 0.675354
178 1335 0.755351
179 401 0.612316
179 1055 0.645476
180 1124 0.684359
181 1130 0.669796
182 1624 0.695866
184 185 0.990088
184 556 0.671918
184 805 0.618405
184 812 0.701611
184 1023 0.871378
184 1046 0.634481
184 1386 0.605508
185 556 0.691821
185 805 0.616973
185 812 0.71014
185 1023 0.868713
185 1046 0.638233
185 1386 0.600457
186 187 0.613323
186 835 0.688315
186 1002 0.606945
187 835 0.72759
190 191 0.817843
190 193 0.767664
190 202 0.786875
190 217 0.661142
190 218 0.872384
190 430 0.815782
190 431 0.830018
190 438 0.620465
190 461 0.744633
190 462 0.748136
190 463 0.737481
190 476 0.607076
190 530 0.607359
190 531 0.857801
190 533 0.898157
190 634 0.696073
190 695 0.931203
190 697 0.904438
190 790 0.671532
190 890 0.671582
190 1036 0.708231
190 1057 0.709704
190 1139 0.653303
190 1441 0.783438
190 1453 0.751588
190 1454 0.738381
190 1536 0.858288
190 1595 0.844746
191 193 0.759387
191 202 0.730661
191 217 0.704458
191 218 0.882487
191 430 0.675489
191 431 0.695819
191 438 0.679261
191 461 0.612941
191 462 0.631004
191 463 0.615609
191 476 0.6229
191 530 0.636399
191 531 0.869784
191 533 0.818916
191 634 0.770449
191 695 0.843698
191 697 0.867761
191 790 0.741166
191 890 0.648601
191 1036 0.637042
191 1057 0.728508
191 1139 0.682249
191 1441 0.84346
191 1453 0.685282
191 1454 0.694656
191 1536 0.746054
191 1595 0.894503
193 202 0.816313
193 217 0.68982
193 218 0.746696
193 430 0.625295
193 431 0.644123
193 476 0.619094
193 531 0.780858
193 533 0.74177
193 634 0.695115
193 695 0.80623
193 697 0.774251
193 790 0.654876
193 1057 0.691893
193 1139 0.640262
193 1441 0.730833
193 1536 0.701583
193 1595 0.77346
202 217 0.646043
202 218 0.743422
202 438 0.621425
202 530 0.600566
202 531 0.757662
202 533 0.715887
202 634 0.672347
202 695 0.837047
202 697 0.765184
202 1057 0.668752
202 1441 0.714242
202 1536 0.630491
202 1595 0.732736
204 797 0.629719
204 971 0.624333
204 1041 0.987183
204 1386 0.609307
204 1387 0.647328
205 222 0.96227
205 467 0.96066
205 588 0.649955
207 273 0.970894
207 274 0.986834
207 483 0.988619
207 484 0.989197
207 901 0.988887
208 1012 0.693678
208 1051 0.61302
211 212 0.873378
211 698 0.914391
212 698 0.908821
213 235 0.975394
213 286 0.975264
217 218 0.684384
217 531 0.699757
217 533 0.663916
217 634 0.686642
217 695 0.673407
217 697 0.701532
217 1057 0.637406
217 1139 0.658902
217 1441 0.669815
217 1595 0.666768
218 245 0.62336
218 430 0.784363
218 431 0.802411
218 438 0.654955
218 461 0.691887
218 462 0.702864
218 463 0.69106
218 476 0.634854
218 530 0.618833
218 531 0.870099
218 533 0.89374
218 634 0.791948
218 695 0.883318
218 697 0.923253
218 790 0.747915
218 890 0.639159
218 1036 0.768259
218 1057 0.74153
218 1139 0.688351
218 1441 0.858162
218 1453 0.673674
218 1454 0.660706
218 1536 0.827008
218 1595 0.894403
220 861 0.627675
222 467 0.973601
222 588 0.626013
225 327 0.653893
225 330 0.631203
225 415 0.64925
225 921 0.605842
225 1203 0.703919
225 1267 0.647633
225 1620 0.608796
232 1074 0.777686
233 351 0.673271
233 440 0.607591
233 607 0.638477
233 1017 0.628034
233 1107 0.602498
233 1267 0.618029
233 1427 0.711983
235 286 0.97812
241 690 0.635727
241 1292 0.63553
245 476 0.715238
245 531 0.61085
245 634 0.618339
245 695 0.613044
245 697 0.619852
245 790 0.696739
245 1057 0.641111
245 1139 0.692405
245 1441 0.680792
245 1595 0.604813
246 330 0.717074
246 351 0.645964
246 361 0.630896
246 388 0.650376
246 440 0.668222
246 443 0.673251
246 546 0.651967
246 713 0.602547
246 730 0.639015
246 746 0.765639
246 760 0.613388
246 777 0.616498
246 871 0.623705
246 921 0.667212
246 1014 0.795316
246 1017 0.728534
246 1026 0.757995
246 1049 0.619145
246 1099 0.829747
246 1243 0.616628
246 1267 0.669786
246 1376 0.634395
246 1418 0.678351
246 1424 0.622745
246 1427 0.717219
246 1483 0.733997
246 1515 0.667862
246 1520 0.601215
246 1522 0.688099
246 1543 0.698827
246 1544 0.716519
246 1580 0.677843
254 565 0.60393
254 814 0.608845
254 838 0.667523
254 1115 0.769518
254 1158 0.854002
254 1221 0.788404
254 1312 0.746882
254 1375 0.691903
254 1525 0.646707
254 1527 0.638504
258 532 0.603274
263 665 0.626072
263 683 0.649206
264 1016 0.672279
269 946 0.649925
269 1408 0.647725
273 274 0.979487
273 483 0.976749
273 484 0.964565
273 901 0.97533
274 483 0.994026
274 484 0.98517
274 901 0.991407
288 456 0.665035
291 1495 0.614943
298 684 0.607354
299 448 0.653335
299 665 0.658425
299 683 0.622303
299 1612 0.657732
304 388 0.631806
304 465 0.621213
304 730 0.681827
304 1017 0.620826
304 1099 0.603111
308 1233 0.613637
313 326 0.669677
316 317 0.865087
316 820 0.71419
316 1031 0.632914
316 1537 0.687624
316 1586 0.658269
317 1108 0.674906
319 913 0.608413
319 1000 0.702964
319 1068 0.638196
323 324 0.86871
323 664 0.708603
323 723 0.687817
323 750 0.657779
323 869 0.732972
323 885 0.683238
323 1061 0.666353
323 1074 0.672377
323 1111 0.791126
323 1237 0.69365
323 1583 0.805158
323 1584 0.737034
324 564 0.706643
324 639 0.668284
324 664 0.600332
324 690 0.730126
324 750 0.679667
324 869 0.767082
324 1040 0.600907
324 1061 0.625823
324 1074 0.703512
324 1111 0.848728
324 1237 0.721904
324 1583 0.73791
324 1584 0.771678
327 330 0.669806
327 415 0.667592
327 921 0.623162
327 1267 0.662356
327 1490 0.610892
330 334 0.653029
330 351 0.691399
330 361 0.769737
330 388 0.700899
330 415 0.801198
330 440 0.61845
330 465 0.803192
330 546 0.705078
330 607 0.638875
330 616 0.610039
330 666 0.601924
330 713 0.620081
330 724 0.621742
330 730 0.712624
330 746 0.827276
330 777 0.624175
330 871 0.651913
330 921 0.844667
330 1014 0.660591
330 1017 0.781725
330 1026 0.644354
330 1049 0.624091
330 1099 0.854233
330 1194 0.759648
330 1224 0.612498
330 1243 0.686353
330 1266 0.615577
330 1267 0.877894
330 1418 0.772769
330 1427 0.715717
330 1483 0.740752
330 1515 0.841135
330 1522 0.678476
330 1543 0.71187
330 1544 0.677359
330 1580 0.740685
330 1614 0.60085
331 1414 0.630698
332 894 0.688457
334 361 0.657861
334 388 0.621276
334 730 0.613825
334 746 0.808323
334 820 0.620006
334 871 0.656855
334 921 0.74802
334 1017 0.738961
334 1099 0.618602
334 1267 0.743716
334 1462 0.69037
334 1483 0.611495
334 1515 0.657707
334 1522 0.628948
334 1537 0.653508
334 1580 0.687833
334 1586 0.636082
335 588 0.954437
336 532 0.659234
339 340 0.603325
339 753 0.64556
339 846 0.609314
341 768 0.608143
341 1195 0.63491
344 525 0.601137
344 1003 0.618141
346 683 0.706818
346 1226 0.803006
349 519 0.828016
350 494 0.627908
350 1198 0.61196
351 368 0.617829
351 388 0.619326
351 440 0.767432
351 443 0.735557
351 465 0.603837
351 546 0.662783
351 607 0.77661
351 672 0.60533
351 673 0.601997
351 730 0.607914
351 732 0.625542
351 746 0.626343
351 760 0.694434
351 820 0.6201
351 921 0.713802
351 936 0.655992
351 1014 0.706521
351 1017 0.761476
351 1026 0.698504
351 1099 0.71323
351 1267 0.721616
351 1418 0.614686
351 1427 0.873499
351 1483 0.763216
351 1522 0.724544
351 1537 0.63539
351 1544 0.638881
351 1580 0.602325
351 1586 0.669602
352 1551 0.864722
355 494 0.614509
355 968 0.90935
355 1602 0.940514
355 1603 0.912803
358 698 0.617925
358 897 0.641523
361 388 0.70523
361 415 0.643382
361 440 0.65699
361 465 0.624643
361 546 0.65219
361 724 0.617491
361 730 0.627996
361 746 0.75032
361 777 0.766623
361 921 0.809914
361 1017 0.764533
361 1049 0.691615
361 1099 0.744683
361 1267 0.760191
361 1376 0.621828
361 1413 0.624887
361 1418 0.659783
361 1427 0.702026
361 1483 0.661112
361 1515 0.699729
361 1522 0.718777
361 1543 0.658841
361 1580 0.653642
361 1614 0.681736
365 978 0.601779
365 1123 0.809493
365 1336 0.63466
367 504 0.779656
367 664 0.603742
367 708 0.657362
367 885 0.620914
368 869 0.637719
368 936 0.601441
372 622 0.659533
375 1061 0.650013
375 1069 0.658361
376 470 0.644216
376 553 0.606228
376 1047 0.633504
376 1299 0.600446
377 401 0.635918
377 660 0.618073
377 1055 0.630888
377 1100 0.68313
377 1182 0.672236
378 408 0.829433
378 896 0.624066
378 1315 0.912992
378 1577 0.619327
378 1615 0.825686
379 638 0.638757
379 964 0.835389
384 572 0.704241
384 639 0.638345
384 852 0.69781
388 440 0.773809
388 443 0.613124
388 465 0.626075
388 546 0.640988
388 672 0.628961
388 730 0.744303
388 746 0.708267
388 777 0.65149
388 778 0.617901
388 820 0.72496
388 921 0.789458
388 931 0.607478
388 1017 0.804125
388 1049 0.738395
388 1099 0.766704
388 1126 0.600034
388 1267 0.739133
388 1418 0.631793
388 1427 0.669766
388 1483 0.720451
388 1515 0.61701
388 1522 0.670697
388 1543 0.684682
388 1554 0.600945
388 1580 0.603342
388 1614 0.629851
390 441 0.614144
390 1062 0.663403
390 1115 0.614346
390 1161 0.611444
390 1218 0.648647
390 1278 0.721688
390 1525 0.632286
390 1526 0.612341
390 1527 0.611411
391 394 0.69872
391 534 0.659215
391 1542 0.768614
394 433 0.634193
394 534 0.622042
396 844 0.61773
401 622 0.644025
401 817 0.678491
401 1055 0.612092
401 1590 0.649061
402 451 0.869507
402 748 0.82849
402 812 0.705282
402 1045 0.695845
402 1123 0.817534
402 1336 0.63761
402 1386 0.641892
402 1387 0.606687
402 1396 0.758701
408 896 0.7573
408 1116 0.714614
408 1315 0.736321
408 1577 0.738054
408 1615 0.935642
411 565 0.704884
411 758 0.782089
411 1115 0.62997
411 1158 0.681067
411 1161 0.601178
411 1221 0.717138
411 1321 0.60038
411 1375 0.633205
411 1525 0.639428
411 1526 0.602225
411 1527 0.607903
415 465 0.655975
415 617 0.602514
415 730 0.613323
415 921 0.688519
415 1017 0.616394
415 1099 0.612218
415 1194 0.628303
415 1267 0.704401
415 1515 0.66937
416 1077 0.775332
416 1111 0.662123
416 1118 0.616137
416 1589 0.781533
419 894 0.610349
424 693 0.650017
424 1408 0.651632
430 431 0.996051
430 461 0.917501
430 462 0.907603
430 463 0.91606
430 531 0.665568
430 533 0.86734
430 695 0.822386
430 697 0.815918
430 890 0.708183
430 1036 0.889572
430 1441 0.67261
430 1453 0.70444
430 1454 0.646325
430 1536 0.952198
430 1595 0.747676
431 461 0.917157
431 462 0.911204
431 463 0.915398
431 531 0.68496
431 533 0.877145
431 695 0.841562
431 697 0.830497
431 790 0.603008
431 890 0.718406
431 1036 0.885337
431 1441 0.697914
431 1453 0.715724
431 1454 0.658325
431 1536 0.961662
431 1595 0.764938
435 470 0.621019
438 531 0.656306
438 634 0.615132
438 695 0.630635
438 697 0.622712
438 790 0.664962
438 1057 0.746133
438 1139 0.680905
438 1595 0.640032
440 443 0.774271
440 546 0.646169
440 607 0.600934
440 633 0.718929
440 673 0.619185
440 730 0.678761
440 746 0.643356
440 760 0.620176
440 777 0.600399
440 820 0.775921
440 921 0.78678
440 936 0.619391
440 1014 0.672851
440 1017 0.856313
440 1026 0.648673
440 1049 0.689273
440 1099 0.759136
440 1267 0.696251
440 1418 0.628481
440 1427 0.755714
440 1483 0.718256
440 1522 0.740834
440 1537 0.699927
440 1543 0.646603
440 1580 0.659011
440 1586 0.709419
441 446 0.666482
441 493 0.61517
441 551 0.661984
441 758 0.610489
441 833 0.616485
441 1160 0.663328
441 1161 0.675865
441 1278 0.624159
441 1321 0.640661
441 1594 0.655245
441 1621 0.632314
443 546 0.654549
443 607 0.657506
443 760 0.655483
443 820 0.649821
443 871 0.616653
443 921 0.697147
443 936 0.621092
443 1003 0.620689
443 1014 0.744498
443 1017 0.773222
443 1026 0.736215
443 1099 0.732243
443 1267 0.620244
443 1418 0.623377
443 1427 0.735576
443 1483 0.740807
443 1522 0.705405
443 1537 0.61927
443 1580 0.665287
443 1586 0.636554
446 493 0.622538
446 551 0.606719
446 647 0.701228
446 758 0.692407
446 889 0.888079
446 1062 0.659474
446 1160 0.686105
446 1161 0.705553
446 1217 0.626542
446 1278 0.605243
446 1321 0.619291
446 1484 0.600372
446 1495 0.607123
446 1525 0.668143
446 1526 0.697929
446 1527 0.64198
446 1594 0.694034
446 1621 0.63939
448 665 0.724358
448 683 0.731334
448 1226 0.602163
448 1612 0.696422
451 748 0.86389
451 1045 0.680421
451 1396 0.766862
451 1503 0.622206
452 664 0.622346
452 1061 0.605572
456 1016 0.640445
456 1120 0.623041
456 1304 0.698777
461 462 0.97597
461 463 0.989894
461 533 0.802432
461 695 0.763213
461 697 0.745993
461 890 0.780271
461 1036 0.765992
461 1453 0.694111
461 1454 0.640808
461 1536 0.884035
461 1595 0.7133
462 463 0.98161
462 531 0.627984
462 533 0.810115
462 695 0.764516
462 697 0.757151
462 890 0.781479
462 1036 0.748866
462 1453 0.692344
462 1454 0.643135
462 1536 0.880097
462 1595 0.736854
463 533 0.796042
463 695 0.755731
463 697 0.74529
463 890 0.780586
463 1036 0.768963
463 1453 0.693809
463 1454 0.641175
463 1536 0.873224
463 1595 0.712359
465 546 0.635115
465 607 0.685056
465 730 0.723208
465 746 0.624356
465 820 0.657301
465 871 0.672229
465 921 0.802116
465 1014 0.622105
465 1017 0.750693
465 1026 0.615677
465 1099 0.751735
465 1194 0.601204
465 1243 0.640744
465 1267 0.788234
465 1418 0.642184
465 1427 0.666844
465 1483 0.755493
465 1515 0.621685
465 1522 0.674049
465 1543 0.65054
465 1580 0.696925
467 588 0.635494
469 923 0.667475
469 1574 0.633448
470 709 0.603198
470 1121 0.63756
470 1408 0.62633
476 531 0.623213
476 634 0.616563
476 695 0.642869
476 697 0.649265
476 790 0.740012
476 890 0.66366
476 1057 0.812767
476 1139 0.86786
476 1441 0.60566
476 1536 0.6004
476 1595 0.689885
478 634 0.621145
478 1441 0.609088
481 627 0.63541
481 836 0.629572
481 891 0.83193
481 938 0.691921
481 1067 0.676782
481 1263 0.709146
481 1410 0.612857
481 1568 0.607307
483 484 0.990389
483 901 0.992245
484 901 0.985152
487 1013 0.601712
493 551 0.643339
493 889 0.638859
493 1062 0.603146
493 1160 0.62082
493 1161 0.613146
493 1278 0.629945
493 1321 0.675791
493 1459 0.62962
493 1489 0.61805
493 1495 0.631452
493 1594 0.608058
494 933 0.644735
494 1193 0.616353
494 1198 0.79061
503 1186 0.600387
504 564 0.62247
504 936 0.648659
510 883 0.630001
510 1058 0.622919
510 1118 0.603186
512 663 0.816648
512 1122 0.64195
512 1299 0.621471
512 1569 0.649661
512 1624 0.616045
516 1129 0.629237
523 715 0.641684
525 715 0.66839
525 734 0.604948
525 1049 0.747204
525 1126 0.60987
525 1376 0.680526
525 1424 0.657336
525 1614 0.741473
530 531 0.840076
530 634 0.651457
530 1441 0.687229
530 1595 0.616256
531 533 0.83605
531 634 0.816367
531 695 0.845226
531 697 0.881593
531 790 0.675635
531 1036 0.660393
531 1057 0.718033
531 1139 0.688868
531 1441 0.83567
531 1453 0.662884
531 1454 0.677139
531 1536 0.721276
531 1595 0.886441
532 790 0.604223
532 927 0.608656
533 634 0.753231
533 695 0.895046
533 697 0.979627
533 790 0.610409
533 890 0.672127
533 1036 0.804006
533 1057 0.638767
533 1139 0.640289
533 1441 0.782811
533 1453 0.701235
533 1454 0.686165
533 1536 0.884624
533 1595 0.905709
534 1314 0.613338
537 1065 0.634383
537 1066 0.68826
542 1418 0.622982
545 622 0.773016
545 660 0.606486
545 1055 0.618617
545 1590 0.759243
546 607 0.62838
546 730 0.605927
546 746 0.716483
546 777 0.733265
546 871 0.641108
546 921 0.717593
546 1017 0.748716
546 1099 0.754186
546 1194 0.603488
546 1267 0.740464
546 1413 0.602201
546 1418 0.676486
546 1427 0.723684
546 1483 0.766179
546 1515 0.707151
546 1522 0.711116
546 1543 0.622671
546 1580 0.637317
551 814 0.607475
551 833 0.64981
551 1062 0.644822
551 1159 0.669453
551 1160 0.616659
551 1161 0.61421
551 1278 0.658326
551 1607 0.654144
551 1621 0.608291
556 1023 0.661085
564 1061 0.628175
565 758 0.600097
565 1115 0.603728
565 1221 0.655834
575 1474 0.603012
575 1499 0.622551
576 923 0.65995
576 976 0.614715
576 1445 0.722697
576 1493 0.71478
576 1574 0.681263
577 688 0.604102
578 1160 0.602115
578 1161 0.644038
578 1594 0.627179
579 835 0.659191
580 910 0.66374
580 960 0.605469
590 666 0.715173
590 722 0.919556
590 791 0.803567
590 871 0.603589
590 986 0.646122
590 1014 0.613604
590 1418 0.72696
590 1580 0.622988
591 1310 0.636629
594 595 0.968666
595 1142 0.639055
601 1076 0.613381
607 730 0.627472
607 760 0.615327
607 820 0.601961
607 921 0.678974
607 1014 0.641713
607 1017 0.733739
607 1026 0.607659
607 1099 0.68429
607 1107 0.619371
607 1243 0.63664
607 1267 0.73648
607 1427 0.735514
607 1483 0.735706
607 1544 0.677955
607 1580 0.615592
610 753 0.680296
610 846 0.636316
610 1178 0.725562
614 615 0.841733
616 666 0.603434
616 871 0.625314
616 986 0.613892
616 1014 0.603061
622 817 0.687521
622 1055 0.663229
622 1182 0.625787
622 1590 0.749833
627 891 0.709976
627 938 0.620899
627 1310 0.657999
633 820 0.648096
633 921 0.634652
633 1017 0.699283
633 1413 0.637226
633 1427 0.621257
633 1522 0.635327
633 1537 0.702244
633 1586 0.705889
634 695 0.714544
634 697 0.796734
634 790 0.668745
634 1036 0.605404
634 1057 0.701092
634 1139 0.69269
634 1417 0.652342
634 1441 0.787878
634 1536 0.619121
634 1595 0.808563
637 1158 0.637091
637 1221 0.690612
638 1172 0.641727
639 1111 0.726682
639 1237 0.612354
639 1584 0.646213
647 889 0.660977
647 925 0.712566
647 1152 0.642635
653 758 0.602728
653 838 0.608032
653 1115 0.680119
653 1158 0.705855
653 1375 0.612315
653 1525 0.646626
653 1526 0.636527
653 1527 0.649009
660 1055 0.643431
660 1100 0.602137
660 1310 0.691901
662 808 0.965934
663 1299 0.679888
663 1374 0.637468
663 1569 0.672577
663 1624 0.642348
664 723 0.696046
664 860 0.648694
664 1061 0.786065
664 1198 0.638741
664 1201 0.707335
664 1583 0.619341
665 683 0.765671
666 722 0.705376
666 746 0.66215
666 871 0.778085
666 986 0.745463
666 1014 0.682226
666 1026 0.63326
666 1418 0.76846
666 1431 0.618565
669 1148 0.763938
669 1235 0.922531
672 820 0.668322
672 921 0.615407
672 1017 0.603092
673 1427 0.614817
677 684 0.64658
677 690 0.706485
681 1425 0.626321
683 1226 0.726876
684 1499 0.600506
684 1608 0.626785
690 1111 0.64134
690 1237 0.64238
693 831 0.744831
693 946 0.752113
693 1154 0.600481
693 1408 0.622084
695 697 0.904432
695 790 0.714524
695 890 0.662406
695 1036 0.727381
695 1057 0.722879
695 1139 0.68744
695 1441 0.812149
695 1453 0.756688
695 1454 0.733449
695 1536 0.891281
695 1595 0.878204
697 790 0.666124
697 890 0.665329
697 1036 0.758557
697 1057 0.704493
697 1139 0.695583
697 1441 0.819531
697 1453 0.687451
697 1454 0.68158
697 1536 0.842469
697 1595 0.943355
698 897 0.66573
709 1033 0.708745
709 1142 0.755743
709 1148 0.648066
709 1154 0.605633
709 1232 0.650701
709 1367 0.682087
709 1408 0.821668
709 1569 0.606606
709 1601 0.706217
713 1418 0.622195
720 1187 0.618068
722 986 0.634581
722 1014 0.610357
722 1418 0.728275
722 1431 0.609213
723 1061 0.639556
723 1237 0.606719
724 820 0.601415
724 921 0.66787
724 1017 0.6682
724 1099 0.663642
724 1267 0.685083
724 1543 0.652864
724 1580 0.650907
727 778 0.615451
727 872 0.794713
727 1013 0.654771
727 1049 0.651443
727 1424 0.609914
727 1608 0.620335
730 746 0.66968
730 778 0.625969
730 820 0.68063
730 921 0.735943
730 1014 0.602838
730 1017 0.810067
730 1026 0.607746
730 1049 0.671711
730 1099 0.746299
730 1267 0.72246
730 1427 0.648849
730 1483 0.658502
730 1522 0.75769
730 1543 0.772024
730 1580 0.627031
730 1614 0.683464
732 871 0.646505
732 1014 0.632174
732 1017 0.639993
732 1026 0.627241
732 1267 0.620246
732 1427 0.662183
732 1537 0.675662
732 1580 0.621041
732 1586 0.703928
734 1108 0.651046
737 925 0.610784
743 1196 0.611043
746 777 0.652758
746 871 0.692818
746 921 0.75728
746 986 0.616802
746 1014 0.68979
746 1017 0.778228
746 1026 0.648823
746 1099 0.820109
746 1141 0.609043
746 1194 0.638506
746 1243 0.625442
746 1267 0.773732
746 1376 0.634712
746 1413 0.602998
746 1418 0.708672
746 1427 0.681703
746 1462 0.614847
746 1483 0.718718
746 1515 0.777449
746 1522 0.70269
746 1543 0.682812
746 1544 0.677181
746 1580 0.666336
748 812 0.620264
748 865 0.622216
748 1386 0.661142
748 1387 0.683541
748 1396 0.730579
750 1074 0.61628
750 1111 0.664348
750 1237 0.620067
753 846 0.89181
753 1129 0.803883
753 1178 0.680763
753 1345 0.677038
757 1036 0.64534
757 1536 0.61186
758 889 0.604778
758 1115 0.634158
758 1158 0.672372
758 1159 0.639786
758 1160 0.661784
758 1161 0.694308
758 1217 0.644234
758 1218 0.681893
758 1221 0.692929
758 1278 0.604043
758 1321 0.605822
758 1375 0.6626
758 1484 0.676586
758 1525 0.748426
758 1526 0.717599
758 1527 0.760598
758 1594 0.671949
758 1621 0.635839
760 1014 0.696802
760 1017 0.637693
760 1026 0.692094
760 1099 0.645527
760 1267 0.607223
760 1427 0.67371
760 1483 0.695811
760 1522 0.602563
777 778 0.610963
777 921 0.658755
777 1017 0.666469
777 1049 0.727897
777 1099 0.69536
777 1267 0.650428
777 1413 0.70304
777 1424 0.657618
777 1427 0.6509
777 1483 0.625663
777 1515 0.613134
777 1522 0.624479
777 1543 0.658138
777 1614 0.619106
778 1017 0.661195
778 1049 0.60202
778 1543 0.678993
790 890 0.666783
790 927 0.749621
790 1057 0.859422
790 1139 0.769519
790 1441 0.780906
790 1536 0.68579
790 1595 0.684854
795 836 0.668241
795 1100 0.608295
796 923 0.609342
796 976 0.639825
796 1187 0.645683
796 1574 0.672573
797 812 0.675434
797 971 0.616531
797 1023 0.63206
797 1041 0.607694
797 1313 0.609495
797 1336 0.78136
797 1386 0.809611
797 1387 0.791244
797 1396 0.717345
812 865 0.607766
812 978 0.607164
812 1023 0.693862
812 1123 0.762328
812 1336 0.70233
812 1386 0.76661
812 1387 0.706378
814 1115 0.692385
814 1158 0.736211
814 1159 0.771432
814 1278 0.629034
814 1525 0.659971
814 1526 0.637487
814 1527 0.661158
817 1182 0.603834
817 1590 0.643781
820 921 0.792496
820 931 0.621205
820 936 0.666683
820 1014 0.606341
820 1017 0.83182
820 1049 0.702759
820 1099 0.709991
820 1267 0.732552
820 1413 0.604531
820 1427 0.661101
820 1483 0.698205
820 1522 0.707169
820 1537 0.743036
820 1543 0.683817
820 1580 0.671267
820 1586 0.732052
820 1614 0.606899
822 1458 0.626144
822 1459 0.608812
831 946 0.626976
832 898 0.816568
832 1164 0.695737
835 1097 0.681665
835 1289 0.663927
835 1565 0.661942
836 1263 0.663194
837 963 0.618041
838 1115 0.753864
838 1158 0.81599
838 1159 0.614872
838 1221 0.639637
838 1375 0.653716
838 1525 0.674083
838 1526 0.636136
838 1527 0.627827
843 937 0.904913
845 891 0.60665
845 1100 0.643192
845 1263 0.602086
845 1305 0.60166
846 1129 0.748488
846 1178 0.623133
846 1345 0.705904
857 1345 0.705867
860 878 0.714032
860 1061 0.628646
860 1069 0.608653
860 1198 0.605255
865 866 0.744529
869 1111 0.777645
869 1237 0.624876
869 1583 0.853997
869 1584 0.818697
871 921 0.658664
871 983 0.611321
871 986 0.798225
871 1014 0.685076
871 1017 0.700155
871 1026 0.649591
871 1099 0.656435
871 1267 0.692553
871 1418 0.781359
871 1431 0.766639
871 1483 0.761708
871 1515 0.630461
871 1522 0.620281
871 1537 0.621869
871 1544 0.669608
871 1580 0.747917
871 1586 0.639369
878 1198 0.667042
878 1603 0.647354
880 893 0.7761
880 1141 0.630673
883 1262 0.605118
885 1583 0.621315
886 887 0.985159
889 1160 0.629177
889 1161 0.638675
889 1217 0.644786
889 1278 0.641708
889 1495 0.68207
889 1594 0.64473
889 1621 0.605661
890 1057 0.607176
890 1139 0.638579
890 1453 0.680503
890 1454 0.645117
890 1536 0.753526
890 1595 0.661934
891 938 0.675993
891 1263 0.646186
891 1310 0.614514
891 1568 0.641808
893 1141 0.739615
893 1548 0.751607
893 1617 0.644359
894 935 0.665448
896 1577 0.976245
896 1615 0.740195
898 1164 0.683256
898 1487 0.608626
907 1108 0.600845
910 960 0.696774
910 1400 0.637396
911 1410 0.659503
916 1410 0.653475
917 1305 0.62047
917 1310 0.602832
921 1014 0.68935
921 1017 0.913431
921 1026 0.667279
921 1049 0.718647
921 1099 0.852285
921 1194 0.632586
921 1266 0.634936
921 1267 0.894952
921 1418 0.735385
921 1427 0.758908
921 1483 0.829932
921 1515 0.70195
921 1522 0.766346
921 1537 0.654945
921 1543 0.699669
921 1580 0.801416
921 1586 0.654673
921 1614 0.659671
923 976 0.820256
923 1187 0.683902
923 1574 0.883702
925 1152 0.676753
927 1057 0.625335
928 1461 0.622326
931 1017 0.662782
931 1267 0.661293
933 1018 0.611034
936 1014 0.603317
936 1017 0.65829
936 1026 0.603791
936 1427 0.620777
936 1483 0.615814
936 1522 0.657313
936 1586 0.636156
938 1051 0.64935
938 1263 0.655293
938 1481 0.620017
940 1100 0.60239
940 1263 0.670987
941 999 0.735524
946 1232 0.641478
946 1408 0.673776
960 1011 0.609317
967 1013 0.602785
967 1497 0.6553
967 1608 0.618264
968 1602 0.977263
968 1603 0.930986
971 1336 0.623662
971 1386 0.652213
971 1387 0.659327
976 1187 0.766807
976 1188 0.670545
976 1574 0.930235
978 1123 0.671675
980 1186 0.616118
983 986 0.612692
986 1014 0.626547
986 1026 0.608169
986 1418 0.697102
986 1431 0.666308
986 1580 0.65047
988 1587 0.604147
995 1104 0.79012
995 1463 0.729495
1002 1565 0.904255
1003 1014 0.636687
1003 1026 0.667788
1003 1135 0.635322
1004 1250 0.654006
1009 1483 0.621408
1013 1296 0.717193
1013 1608 0.638183
1014 1017 0.719717
1014 1026 0.964323
1014 1049 0.614456
1014 1099 0.784581
1014 1243 0.602821
1014 1267 0.628575
1014 1376 0.614481
1014 1418 0.706345
1014 1427 0.774561
1014 1483 0.735563
1014 1522 0.749184
1014 1543 0.60645
1014 1544 0.681586
1014 1580 0.700576
1017 1026 0.703384
1017 1049 0.697828
1017 1099 0.853863
1017 1243 0.631462
1017 1267 0.896113
1017 1413 0.642249
1017 1418 0.696262
1017 1427 0.809261
1017 1462 0.633261
1017 1483 0.821969
1017 1515 0.655612
1017 1520 0.604002
1017 1522 0.807964
1017 1537 0.735538
1017 1543 0.740215
1017 1544 0.6324
1017 1580 0.770736
1017 1586 0.734732
1017 1614 0.649028
1023 1386 0.701746
1023 1387 0.675479
1026 1099 0.744309
1026 1376 0.638852
1026 1418 0.678614
1026 1427 0.777662
1026 1483 0.711462
1026 1522 0.758872
1026 1544 0.640498
1026 1580 0.659885
1031 1462 0.652765
1033 1148 0.641467
1033 1367 0.632091
1033 1601 0.661408
1036 1441 0.719668
1036 1536 0.85174
1036 1595 0.676896
1037 1607 0.640524
1040 1237 0.6322
1040 1584 0.645263
1041 1387 0.622625
1045 1396 0.627541
1049 1099 0.722151
1049 1126 0.718639
1049 1267 0.603799
1049 1376 0.671428
1049 1424 0.748095
1049 1427 0.667646
1049 1483 0.626095
1049 1522 0.78821
1049 1543 0.701796
1049 1614 0.830758
1050 1155 0.686112
1055 1100 0.657864
1055 1133 0.618082
1055 1310 0.752119
1055 1404 0.674309
1055 1590 0.673561
1057 1139 0.841577
1057 1441 0.697753
1057 1536 0.629339
1057 1595 0.723298
1058 1059 0.829972
1061 1069 0.679767
1061 1192 0.620405
1061 1198 0.651367
1062 1278 0.69245
1065 1066 0.615549
1067 1410 0.644901
1069 1198 0.614149
1069 1201 0.620075
1074 1111 0.700357
1074 1237 0.645445
1076 1325 0.728016
1076 1618 0.688522
1077 1118 0.74149
1077 1318 0.611123
1077 1589 0.958874
1090 1619 0.639718
1097 1289 0.646802
1099 1194 0.659567
1099 1243 0.662907
1099 1266 0.601311
1099 1267 0.820887
1099 1376 0.636553
1099 1418 0.768235
1099 1427 0.781649
1099 1483 0.835552
1099 1515 0.718501
1099 1522 0.762142
1099 1543 0.844361
1099 1544 0.685567
1099 1580 0.812377
1099 1614 0.623395
1100 1133 0.617643
1100 1404 0.602703
1103 1478 0.658448
1104 1463 0.797295
1107 1427 0.635302
1107 1483 0.640158
1109 1115 0.635509
1109 1158 0.615624
1109 1159 0.625165
1109 1525 0.618263
1109 1526 0.611229
1111 1237 0.710591
1111 1583 0.771394
1111 1584 0.801034
1115 1158 0.829935
1115 1159 0.696293
1115 1160 0.608222
1115 1161 0.629111
1115 1221 0.687098
1115 1312 0.684739
1115 1375 0.646343
1115 1484 0.609542
1115 1525 0.78501
1115 1526 0.761537
1115 1527 0.746499
1115 1594 0.612677
1115 1621 0.614603
1118 1318 0.634129
1118 1589 0.702157
1121 1299 0.603862
1121 1408 0.629978
1121 1601 0.671653
1122 1569 0.66786
1123 1336 0.727883
1123 1386 0.697063
1126 1376 0.625751
1126 1413 0.602362
1126 1522 0.614324
1126 1614 0.69985
1129 1345 0.621866
1139 1441 0.671597
1139 1536 0.610451
1139 1595 0.718113
1141 1617 0.730175
1142 1154 0.601456
1142 1367 0.628566
1142 1408 0.685436
1146 1260 0.635157
1148 1235 0.747663
1148 1601 0.662258
1154 1232 0.618695
1154 1408 0.667365
1158 1159 0.69454
1158 1218 0.627592
1158 1221 0.811322
1158 1312 0.797939
1158 1375 0.776855
1158 1525 0.737425
1158 1526 0.675624
1158 1527 0.711645
1159 1160 0.681811
1159 1161 0.720421
1159 1278 0.62305
1159 1321 0.711398
1159 1484 0.622389
1159 1525 0.758467
1159 1526 0.74408
1159 1527 0.7038
1159 1594 0.716018
1159 1607 0.714465
1159 1621 0.665209
1160 1161 0.97393
1160 1217 0.613116
1160 1321 0.681617
1160 1372 0.613684
1160 1489 0.602937
1160 1525 0.640804
1160 1526 0.681676
1160 1527 0.601966
1160 1594 0.983644
1160 1621 0.97458
1161 1217 0.645089
1161 1218 0.636752
1161 1278 0.600905
1161 1321 0.678651
1161 1489 0.601527
1161 1525 0.670911
1161 1526 0.697155
1161 1527 0.634875
1161 1594 0.987802
1161 1621 0.937019
1165 1479 0.70361
1165 1593 0.608319
1179 1481 0.615947
1187 1188 0.960978
1187 1574 0.810724
1187 1576 0.681422
1188 1574 0.692361
1188 1576 0.667247
1193 1198 0.633149
1194 1267 0.734805
1194 1515 0.724879
1198 1201 0.607635
1198 1603 0.616447
1217 1218 0.898153
1217 1495 0.663368
1217 1594 0.62702
1217 1621 0.609345
1218 1495 0.646986
1218 1525 0.60672
1218 1527 0.602735
1221 1312 0.673521
1221 1375 0.701634
1221 1525 0.634667
1221 1527 0.622581
1224 1515 0.635077
1227 1607 0.83042
1233 1518 0.763346
1237 1584 0.660708
1241 1622 0.796053
1243 1267 0.645019
1243 1515 0.64521
1243 1580 0.629663
1266 1483 0.612254
1266 1580 0.628183
1267 1418 0.727973
1267 1427 0.766424
1267 1483 0.77671
1267 1515 0.76138
1267 1522 0.679337
1267 1537 0.643008
1267 1543 0.703602
1267 1544 0.65808
1267 1580 0.7765
1267 1586 0.646177
1299 1315 0.613966
1299 1408 0.668149
1299 1569 0.70231
1299 1601 0.668614
1310 1404 0.657773
1312 1525 0.613671
1315 1601 0.650782
1315 1615 0.731049
1321 1484 0.614427
1321 1495 0.601691
1321 1525 0.625618
1321 1526 0.64943
1321 1594 0.676341
1321 1621 0.6835
1325 1478 0.606725
1325 1534 0.612715
1325 1618 0.610817
1326 1461 0.601985
1327 1328 0.900348
1336 1386 0.892866
1336 1387 0.846506
1367 1408 0.673283
1372 1621 0.66038
1375 1525 0.634523
1375 1527 0.633153
1376 1522 0.7149
1376 1543 0.626194
1376 1614 0.741781
1386 1387 0.956618
1386 1396 0.62454
1387 1396 0.632243
1394 1486 0.636498
1408 1569 0.609385
1408 1601 0.667226
1411 1412 0.713231
1413 1483 0.602252
1413 1522 0.606832
1414 1478 0.612312
1418 1427 0.663215
1418 1431 0.653349
1418 1483 0.715636
1418 1515 0.728528
1418 1522 0.662052
1418 1580 0.754714
1424 1522 0.615344
1424 1543 0.630014
1424 1614 0.722333
1427 1483 0.763838
1427 1520 0.634948
1427 1522 0.788963
1427 1543 0.644805
1427 1544 0.606926
1427 1580 0.63831
1431 1580 0.602187
1440 1611 0.913683
1441 1536 0.748234
1441 1595 0.804373
1445 1493 0.849289
1453 1454 0.983253
1453 1536 0.732968
1453 1595 0.695642
1454 1536 0.677143
1454 1595 0.705246
1458 1459 0.969035
1462 1537 0.604281
1462 1580 0.603495
1462 1586 0.608452
1479 1593 0.821092
1483 1515 0.647634
1483 1522 0.747195
1483 1543 0.693726
1483 1544 0.634975
1483 1580 0.741583
1483 1586 0.611399
1484 1525 0.683872
1484 1526 0.666918
1484 1527 0.689477
1490 1570 0.915894
1499 1608 0.623288
1515 1580 0.67126
1522 1543 0.707988
1522 1580 0.70277
1522 1614 0.761387
1524 1575 0.739409
1525 1526 0.97444
1525 1527 0.96256
1525 1594 0.648746
1525 1621 0.624348
1526 1527 0.949442
1526 1594 0.683048
1526 1621 0.658323
1527 1594 0.611621
1536 1595 0.783513
1537 1580 0.663327
1537 1586 0.991969
1543 1580 0.718949
1544 1580 0.60293
1569 1624 0.6493
1577 1615 0.753393
1580 1586 0.674641
1583 1584 0.893793
1594 1621 0.957063
1602 1603 0.938033
