473 469 4599 
530 284 1491 
703 2554 5755 3716 6651 
1004 2096 4868 
1032 1885 4313 
1162 1706 2742 4592 4998 5937 6671 
1236 97 2500 
1772 2959 5376 
1833 3272 4096 6450 6515 6636 4282 6546 3990 
1960 3787 4347 
2193 2508 6704 
2275 698 2582 4403 4620 5111 4258 5628 3948 6165 6914 
2303 175 1665 
2745 3957 3982 4319 5947 6108 6263 6729 6990 7010 6735 
2754 3527 5775 
4219 6158 6159 1073 
4250 2667 2697 
5477 5926 5927 6122 6123 5910 
5604 4854 5171 
6080 1042 4212 
6119 4056 4872 
6147 4038 6939 
6164 6737 6743 6746 
6202 4806 6225 
6395 3776 6278 
6446 3223 6610 
6706 2285 6690 6824 
6730 6976 6977 
6911 1873 6179 
6970 7041 7042 
