7 29 49 56 225 286 289 296 313 333 342 349 373 398 446 481 532 533 558 595 596 607 608 621 655 658 660 675 718 778 813 890 903 920 931 933 944 997 161 176 182 350 435 513 564 622 714 739 902 950 1001 1017 331 335 457 609 711 272 384 572 959 478 759 998 210 347 534 945 530 204 231 517 904 237 260 601 51 320 348 306 940 
43 90 408 
53 112 244 485 
55 65 99 
87 101 443 
100 171 721 740 
115 733 734 
120 404 841 842 
123 145 146 
192 566 688 896 1057 801 
196 194 277 
197 198 444 
217 695 747 
247 543 820 
283 284 968 969 1012 
288 677 822 
553 612 613 1035 
571 594 701 
652 8 966 17 
696 788 1042 
