4 210 313 596 
7 79 131 137 268 276 297 344 364 406 442 577 819 823 607 744 828 44 136 803 104 850 774 93 202 602 762 634 306 467 255 508 72 164 95 194 388 269 323 456 497 531 125 249 568 678 363 604 
11 115 200 229 259 489 730 750 832 158 263 385 423 526 757 788 543 670 
12 66 87 223 318 366 446 454 463 491 509 580 771 62 61 127 
18 43 764 
26 207 506 401 374 
30 89 151 197 206 224 373 429 449 554 620 633 826 382 13 
106 502 629 756 118 770 
116 548 566 
172 345 459 522 525 610 
205 228 691 692 536 695 810 
225 284 609 657 667 
232 369 612 
292 335 496 631 716 
302 553 688 352 
472 626 720 
542 685 844 684 746 759 
581 354 422 
625 162 652 
727 305 465 
838 155 752 
