1 14 28 38 47 90 95 102 104 115 116 127 136 156 171 247 274 278 288 311 314 362 370 399 408 415 419 426 461 477 500 504 505 527 530 541 547 596 602 603 672 686 703 722 739 746 763 765 766 792 503 584 592 737 363 690 743 218 779 
39 681 740 
66 114 200 204 215 217 263 479 521 646 674 676 678 679 680 682 717 736 759 771 438 
111 329 442 
121 549 760 397 446 616 617 718 
195 459 475 
239 423 623 645 628 512 317 622 709 
246 279 405 586 730 546 
302 452 724 259 
591 282 567 
609 658 734 
751 305 752 
