1 14 28 38 47 90 95 102 104 115 116 120 127 136 156 168 171 213 218 225 247 274 278 288 311 314 326 362 363 370 399 408 415 419 426 454 461 477 500 503 504 505 527 530 541 547 566 584 592 596 602 603 672 686 690 703 715 722 723 737 739 743 746 755 763 765 766 779 792 689 338 17 295 
12 564 632 
39 681 740 
66 114 182 200 204 215 217 219 263 378 438 479 521 587 646 674 676 678 679 680 682 717 736 759 771 
97 281 305 373 516 701 284 752 751 
121 264 397 446 532 549 616 617 760 442 
146 188 293 
154 253 488 
198 641 677 
201 228 239 317 423 622 623 628 645 512 709 
220 385 583 
242 246 393 456 546 794 405 762 279 586 730 
296 404 613 673 
327 475 486 195 459 
377 34 772 
440 325 693 
451 27 519 
609 199 658 734 
745 101 309 441 
