1 14 28 38 47 90 95 102 104 115 116 127 136 156 171 218 247 274 278 288 311 314 362 363 370 399 408 415 419 426 461 477 500 503 504 505 527 530 541 547 584 592 596 602 603 672 686 690 703 722 723 737 739 743 746 755 763 765 766 779 792 454 213 225 120 
12 564 632 
39 681 740 
40 289 567 
60 243 754 
66 114 200 204 215 217 263 438 479 521 646 674 676 678 679 680 682 717 736 759 771 378 182 
72 49 543 
97 305 701 284 
111 329 733 
121 446 549 616 617 760 16 397 718 
195 327 475 459 486 
201 239 317 423 623 645 512 628 228 622 595 
246 279 405 546 586 762 794 730 
321 237 339 
365 221 496 
609 658 734 
626 229 483 
