1 14 17 28 38 47 90 95 102 104 115 116 120 127 136 156 168 171 213 218 225 247 274 278 288 295 311 314 326 338 362 363 370 399 408 415 419 426 454 461 477 500 503 504 505 527 530 541 547 566 584 592 596 602 603 672 686 689 690 703 715 722 723 737 739 743 746 753 755 763 765 766 779 792 250 358 169 704 533 
4 5 6 
16 442 446 616 617 760 44 121 397 549 718 264 532 111 
39 681 740 747 
62 131 475 486 
66 114 159 182 200 204 215 217 219 263 378 438 479 521 587 646 674 676 678 679 680 682 717 736 759 767 771 328 691 529 628 512 
97 281 305 516 701 373 751 752 259 284 333 125 302 434 724 585 238 
123 128 430 581 
146 466 526 
198 641 677 242 246 393 456 546 762 794 405 279 730 586 
199 609 734 658 
201 228 239 317 423 623 645 622 595 709 663 189 
251 332 727 
296 404 613 56 673 
359 499 754 243 485 
369 99 207 
451 27 519 
583 220 385 
699 233 573 
